61 76362 
3 76188 76362 76189 
3 76191 76363 76192 
3 76192 76363 76364 
3 76192 76364 76193 
3 76193 76364 76365 
3 76193 76365 76194 
3 76194 76365 76366 
3 76194 76366 76195 
3 76195 76366 76367 
3 76195 76367 76196 
3 76196 76367 76368 
3 76196 76368 76197 
3 76197 76368 76369 
3 76197 76369 76198 
3 76198 76369 76370 
3 76198 76370 76199 
3 76199 76370 76371 
3 76199 76371 76200 
3 76200 76371 76372 
3 76200 76372 76201 
3 76201 76372 76373 
3 76201 76373 76202 
3 76202 76373 76374 
3 76202 76374 76203 
3 76203 76374 76375 
3 76203 76375 76204 
3 76204 76375 76376 
3 76204 76376 76205 
3 76205 76376 76377 
3 76205 76377 76206 
3 76206 76377 76378 
3 76206 76378 76207 
3 76207 76378 76379 
3 76207 76379 76208 
3 76208 76379 76380 
3 76208 76380 76209 
3 76209 76380 76381 
3 76209 76381 76210 
3 76210 76381 76382 
3 76210 76382 76211 
3 76211 76382 76383 
3 76211 76383 76212 
3 76212 76383 76384 
3 76212 76384 76213 
3 76213 76384 76385 
3 76213 76385 76214 
3 76214 76385 76386 
3 76214 76386 76215 
3 76215 76386 76387 
3 76215 76387 76216 
3 76216 76387 76388 
3 76216 76388 76217 
3 76217 76388 76389 
3 76217 76389 76218 
3 76218 76389 76390 
3 76218 76390 76219 
3 76219 76390 76391 
3 76219 76391 76220 
3 76220 76391 76392 
3 76220 76392 76221 
3 76221 76392 76393 
3 76221 76393 76222 
3 76222 76393 76394 
3 76222 76394 76223 
3 76223 76394 76395 
3 76223 76395 76224 
3 76224 76395 76396 
3 76224 76396 76225 
3 76225 76396 76397 
3 76225 76397 76226 
3 76226 76397 76398 
3 76226 76398 76227 
3 76227 76398 76399 
3 76227 76399 76228 
3 76228 76399 76400 
3 76228 76400 76229 
3 76229 76400 76401 
3 76229 76401 76230 
3 76230 76401 76402 
3 76230 76402 76231 
3 76231 76402 76403 
3 76231 76403 76232 
3 76232 76403 76404 
3 76232 76404 76233 
3 76233 76404 76405 
3 76234 76407 76408 
3 76234 76408 76235 
3 76235 76408 76409 
3 76235 76409 76236 
3 76236 76409 76410 
3 76236 76410 76237 
3 76237 76410 76411 
3 76237 76411 76238 
3 76238 76411 76412 
3 76238 76412 76239 
3 76239 76412 76413 
3 76239 76413 76240 
3 76240 76413 76414 
3 76240 76414 76241 
3 76241 76414 76415 
3 76241 76415 76242 
3 76242 76415 76416 
3 76242 76416 76243 
3 76243 76416 76417 
3 76243 76417 76244 
3 76244 76417 76418 
3 76244 76418 76245 
3 76245 76418 76419 
3 76245 76419 76246 
3 76246 76419 76420 
3 76246 76420 76247 
3 76247 76420 76421 
3 76247 76421 76248 
3 76248 76421 76422 
3 76248 76422 76249 
3 76249 76422 76423 
3 76249 76423 76250 
3 76250 76423 76424 
3 76250 76424 76251 
3 76251 76424 76425 
3 76251 76425 76252 
3 76252 76425 76426 
3 76252 76426 76253 
3 76253 76426 76427 
3 76253 76427 76254 
3 76254 76427 76428 
3 76254 76428 76255 
3 76255 76428 76429 
3 76255 76429 76256 
3 76256 76429 76430 
3 76256 76430 76257 
3 76257 76430 76431 
3 76257 76431 76258 
3 76258 76431 76432 
3 76258 76432 76259 
3 76259 76432 76433 
3 76259 76433 76260 
3 76260 76433 76434 
3 76260 76434 76261 
3 76261 76434 76435 
3 76261 76435 76262 
3 76262 76435 76436 
3 76262 76436 76263 
3 76263 76436 76437 
3 76263 76437 76264 
3 76264 76437 76438 
3 76264 76438 76265 
3 76265 76438 76439 
3 76265 76439 76266 
3 76266 76439 76440 
3 76266 76440 76267 
3 76267 76440 76441 
3 76267 76441 76268 
3 76268 76441 76442 
3 76268 76442 76269 
3 76269 76442 76443 
3 76269 76443 76270 
3 76270 76443 76444 
3 76270 76444 76271 
3 76271 76444 76445 
3 76271 76445 76272 
3 76272 76445 76446 
3 76273 76447 76274 
3 76274 76447 76448 
3 76274 76448 76275 
3 76275 76448 76449 
3 76275 76449 76276 
3 76276 76449 76450 
3 76276 76450 76277 
3 76277 76450 76451 
3 76277 76451 76278 
3 76278 76451 76452 
3 76278 76452 76279 
3 76279 76452 76453 
3 76279 76453 76280 
3 76280 76453 76454 
3 76280 76454 76281 
3 76281 76454 76455 
3 76281 76455 76282 
3 76282 76455 76456 
3 76282 76456 76283 
3 76283 76456 76457 
3 76283 76457 76284 
3 76284 76457 76458 
3 76284 76458 76285 
3 76285 76458 76459 
3 76285 76459 76286 
3 76286 76459 76460 
3 76286 76460 76287 
3 76287 76460 76461 
3 76287 76461 76288 
3 76288 76461 76462 
3 76288 76462 76289 
3 76289 76462 76463 
3 76289 76463 76290 
3 76290 76463 76464 
3 76290 76464 76291 
3 76291 76464 76465 
3 76291 76465 76292 
3 76292 76465 76466 
3 76292 76466 76293 
3 76293 76466 76467 
3 76293 76467 76294 
3 76294 76467 76468 
3 76294 76468 76295 
3 76295 76468 76469 
3 76295 76469 76296 
3 76296 76469 76470 
3 76296 76470 76297 
3 76297 76470 76471 
3 76297 76471 76298 
3 76298 76471 76472 
3 76298 76472 76299 
3 76299 76472 76473 
3 76299 76473 76300 
3 76300 76473 76474 
3 76300 76474 76301 
3 76301 76474 76475 
3 76301 76475 76302 
3 76302 76475 76476 
3 76302 76476 76303 
3 76303 76476 76477 
3 76303 76477 76304 
3 76304 76477 76478 
3 76304 76478 76305 
3 76305 76478 76479 
3 76305 76479 76306 
3 76306 76479 76480 
3 76306 76480 76307 
3 76307 76480 76481 
3 76307 76481 76308 
3 76308 76481 76482 
3 76308 76482 76309 
3 76309 76482 76483 
3 76309 76483 76310 
3 76310 76483 76484 
3 76310 76484 76311 
3 76311 76484 76485 
3 76311 76485 76312 
3 76312 76485 76486 
3 76312 76486 76313 
3 76313 76486 76487 
3 76313 76487 76314 
3 76314 76487 76488 
3 76314 76488 76315 
3 76315 76488 76489 
3 76315 76489 76316 
3 76316 76489 76490 
3 76316 76490 76317 
3 76317 76490 76491 
3 76317 76491 76318 
3 76318 76491 76492 
3 76318 76492 76319 
3 76319 76492 76493 
3 76319 76493 76320 
3 76320 76493 76494 
3 76320 76494 76321 
3 76321 76494 76495 
3 76321 76495 76322 
3 76322 76495 76496 
3 76322 76496 76323 
3 76323 76496 76497 
3 76323 76497 76324 
3 76324 76497 76498 
3 76324 76498 76325 
3 76325 76498 76499 
3 76325 76499 76326 
3 76326 76499 76500 
3 76326 76500 76327 
3 76327 76500 76501 
3 76327 76501 76328 
3 76328 76501 76502 
3 76328 76502 76329 
3 76329 76502 76503 
3 76329 76503 76330 
3 76330 76503 76504 
3 76330 76504 76331 
3 76331 76504 76505 
3 76331 76505 76332 
3 76332 76505 76506 
3 76332 76506 76333 
3 76333 76506 76507 
3 76333 76507 76334 
3 76334 76507 76508 
3 76334 76508 76335 
3 76335 76508 76509 
3 76335 76509 76336 
3 76336 76509 76510 
3 76336 76510 76337 
3 76337 76510 76511 
3 76337 76511 76338 
3 76338 76511 76512 
3 76338 76512 76339 
3 76339 76512 76513 
3 76339 76513 76340 
3 76340 76513 76514 
3 76340 76514 76341 
3 76341 76514 76515 
3 76341 76515 76342 
3 76342 76515 76516 
3 76342 76516 76343 
3 76343 76516 76517 
3 76343 76517 76344 
3 76344 76517 76518 
3 76344 76518 76345 
3 76345 76518 76519 
3 76345 76519 76346 
3 76346 76519 76520 
3 76346 76520 76347 
3 76347 76520 76521 
3 76347 76521 76348 
3 76348 76521 76522 
3 76348 76522 76349 
3 76349 76522 76523 
3 76349 76523 76350 
3 76350 76523 76524 
3 76350 76524 76351 
3 76351 76524 76525 
3 76351 76525 76352 
3 76352 76525 76526 
3 76352 76526 76353 
3 76353 76526 76527 
3 76353 76527 76354 
3 76354 76527 76528 
3 76354 76528 76355 
3 76355 76528 76529 
3 76355 76529 76356 
3 76356 76529 76530 
3 76356 76530 76357 
3 76357 76530 76531 
3 76357 76531 76358 
3 76358 76531 76532 
3 76358 76532 76359 
3 76359 76532 76533 
3 76359 76533 76360 
3 76360 76533 76534 
3 76360 76534 76361 
3 76361 76534 76535 
3 76361 76535 76362 
3 76362 76535 76536 
3 76363 76537 76538 
3 76363 76538 76364 
3 76364 76538 76539 
3 76364 76539 76365 
3 76365 76539 76540 
3 76365 76540 76366 
3 76366 76540 76541 
3 76366 76541 76367 
3 76367 76541 76542 
3 76367 76542 76368 
3 76368 76542 76543 
3 76368 76543 76369 
3 76369 76543 76544 
3 76369 76544 76370 
3 76370 76544 76545 
3 76370 76545 76371 
3 76371 76545 76546 
3 76371 76546 76372 
3 76372 76546 76547 
3 76372 76547 76373 
3 76373 76547 76548 
3 76373 76548 76374 
3 76374 76548 76549 
3 76374 76549 76375 
3 76375 76549 76550 
3 76375 76550 76376 
3 76376 76550 76551 
3 76376 76551 76377 
3 76377 76551 76552 
3 76377 76552 76378 
3 76378 76552 76553 
3 76378 76553 76379 
3 76379 76553 76554 
3 76379 76554 76380 
3 76380 76554 76555 
3 76380 76555 76381 
3 76381 76555 76556 
3 76381 76556 76382 
3 76382 76556 76557 
3 76382 76557 76383 
3 76383 76557 76558 
3 76383 76558 76384 
3 76384 76558 76559 
3 76384 76559 76385 
3 76385 76559 76560 
3 76385 76560 76386 
3 76386 76560 76561 
3 76386 76561 76387 
3 76387 76561 76562 
3 76387 76562 76388 
3 76388 76562 76563 
3 76388 76563 76389 
3 76389 76563 76564 
3 76389 76564 76390 
3 76390 76564 76565 
3 76390 76565 76391 
3 76391 76565 76566 
3 76391 76566 76392 
3 76392 76566 76567 
3 76392 76567 76393 
3 76393 76567 76568 
3 76393 76568 76394 
3 76394 76568 76569 
3 76394 76569 76395 
3 76395 76569 76570 
3 76395 76570 76396 
3 76396 76570 76571 
3 76396 76571 76397 
3 76397 76571 76572 
3 76397 76572 76398 
3 76398 76572 76573 
3 76398 76573 76399 
3 76399 76573 76574 
3 76399 76574 76400 
3 76400 76574 76575 
3 76400 76575 76401 
3 76401 76575 76576 
3 76401 76576 76402 
3 76402 76576 76577 
3 76402 76577 76403 
3 76403 76577 76578 
3 76403 76578 76404 
3 76404 76578 76579 
3 76404 76579 76405 
3 76405 76579 76580 
3 76405 76580 76406 
3 76406 76580 76581 
3 76407 76583 76584 
3 76407 76584 76408 
3 76408 76584 76585 
3 76408 76585 76409 
3 76409 76585 76586 
3 76409 76586 76410 
3 76410 76586 76587 
3 76410 76587 76411 
3 76411 76587 76588 
3 76411 76588 76412 
3 76412 76588 76589 
3 76412 76589 76413 
3 76413 76589 76590 
3 76413 76590 76414 
3 76414 76590 76591 
3 76414 76591 76415 
3 76415 76591 76592 
3 76415 76592 76416 
3 76416 76592 76593 
3 76416 76593 76417 
3 76417 76593 76594 
3 76417 76594 76418 
3 76418 76594 76595 
3 76418 76595 76419 
3 76419 76595 76596 
3 76419 76596 76420 
3 76420 76596 76597 
3 76420 76597 76421 
3 76421 76597 76598 
3 76421 76598 76422 
3 76422 76598 76599 
3 76422 76599 76423 
3 76423 76599 76600 
3 76423 76600 76424 
3 76424 76600 76601 
3 76424 76601 76425 
3 76425 76601 76602 
3 76425 76602 76426 
3 76426 76602 76603 
3 76426 76603 76427 
3 76427 76603 76604 
3 76427 76604 76428 
3 76428 76604 76605 
3 76428 76605 76429 
3 76429 76605 76606 
3 76429 76606 76430 
3 76430 76606 76607 
3 76430 76607 76431 
3 76431 76607 76608 
3 76431 76608 76432 
3 76432 76608 76609 
3 76432 76609 76433 
3 76433 76609 76610 
3 76433 76610 76434 
3 76434 76610 76611 
3 76434 76611 76435 
3 76435 76611 76612 
3 76435 76612 76436 
3 76436 76612 76613 
3 76436 76613 76437 
3 76437 76613 76614 
3 76437 76614 76438 
3 76438 76614 76615 
3 76438 76615 76439 
3 76439 76615 76616 
3 76439 76616 76440 
3 76440 76616 76617 
3 76440 76617 76441 
3 76441 76617 76618 
3 76441 76618 76442 
3 76442 76618 76619 
3 76442 76619 76443 
3 76443 76619 76620 
3 76443 76620 76444 
3 76444 76620 76621 
3 76444 76621 76445 
3 76445 76621 76622 
3 76445 76622 76446 
3 76446 76622 76623 
3 76447 76624 76625 
3 76447 76625 76448 
3 76448 76625 76626 
3 76448 76626 76449 
3 76449 76626 76627 
3 76449 76627 76450 
3 76450 76627 76628 
3 76450 76628 76451 
3 76451 76628 76629 
3 76451 76629 76452 
3 76452 76629 76630 
3 76452 76630 76453 
3 76453 76630 76631 
3 76453 76631 76454 
3 76454 76631 76632 
3 76454 76632 76455 
3 76455 76632 76633 
3 76455 76633 76456 
3 76456 76633 76634 
3 76456 76634 76457 
3 76457 76634 76635 
3 76457 76635 76458 
3 76458 76635 76636 
3 76458 76636 76459 
3 76459 76636 76637 
3 76459 76637 76460 
3 76460 76637 76638 
3 76460 76638 76461 
3 76461 76638 76639 
3 76461 76639 76462 
3 76462 76639 76640 
3 76462 76640 76463 
3 76463 76640 76641 
3 76463 76641 76464 
3 76464 76641 76642 
3 76464 76642 76465 
3 76465 76642 76643 
3 76465 76643 76466 
3 76466 76643 76644 
3 76466 76644 76467 
3 76467 76644 76645 
3 76467 76645 76468 
3 76468 76645 76646 
3 76468 76646 76469 
3 76469 76646 76647 
3 76469 76647 76470 
3 76470 76647 76648 
3 76470 76648 76471 
3 76471 76648 76649 
3 76471 76649 76472 
3 76472 76649 76650 
3 76472 76650 76473 
3 76473 76650 76651 
3 76473 76651 76474 
3 76474 76651 76652 
3 76474 76652 76475 
3 76475 76652 76653 
3 76475 76653 76476 
3 76476 76653 76654 
3 76476 76654 76477 
3 76477 76654 76655 
3 76477 76655 76478 
3 76478 76655 76656 
3 76478 76656 76479 
3 76479 76656 76657 
3 76479 76657 76480 
3 76480 76657 76658 
3 76480 76658 76481 
3 76481 76658 76659 
3 76481 76659 76482 
3 76482 76659 76660 
3 76482 76660 76483 
3 76483 76660 76661 
3 76483 76661 76484 
3 76484 76661 76662 
3 76484 76662 76485 
3 76485 76662 76663 
3 76485 76663 76486 
3 76486 76663 76664 
3 76486 76664 76487 
3 76487 76664 76665 
3 76487 76665 76488 
3 76488 76665 76666 
3 76488 76666 76489 
3 76489 76666 76667 
3 76489 76667 76490 
3 76490 76667 76668 
3 76490 76668 76491 
3 76491 76668 76669 
3 76491 76669 76492 
3 76492 76669 76670 
3 76492 76670 76493 
3 76493 76670 76671 
3 76493 76671 76494 
3 76494 76671 76672 
3 76494 76672 76495 
3 76495 76672 76673 
3 76495 76673 76496 
3 76496 76673 76674 
3 76496 76674 76497 
3 76497 76674 76675 
3 76497 76675 76498 
3 76498 76675 76676 
3 76498 76676 76499 
3 76499 76676 76677 
3 76499 76677 76500 
3 76500 76677 76678 
3 76500 76678 76501 
3 76501 76678 76679 
3 76501 76679 76502 
3 76502 76679 76680 
3 76502 76680 76503 
3 76503 76680 76681 
3 76503 76681 76504 
3 76504 76681 76682 
3 76504 76682 76505 
3 76505 76682 76683 
3 76505 76683 76506 
3 76506 76683 76684 
3 76506 76684 76507 
3 76507 76684 76685 
3 76507 76685 76508 
3 76508 76685 76686 
3 76508 76686 76509 
3 76509 76686 76687 
3 76509 76687 76510 
3 76510 76687 76688 
3 76510 76688 76511 
3 76511 76688 76689 
3 76511 76689 76512 
3 76512 76689 76690 
3 76512 76690 76513 
3 76513 76690 76691 
3 76513 76691 76514 
3 76514 76691 76692 
3 76514 76692 76515 
3 76515 76692 76693 
3 76515 76693 76516 
3 76516 76693 76694 
3 76516 76694 76517 
3 76517 76694 76695 
3 76517 76695 76518 
3 76518 76695 76696 
3 76518 76696 76519 
3 76519 76696 76697 
3 76519 76697 76520 
3 76520 76697 76698 
3 76520 76698 76521 
3 76521 76698 76699 
3 76521 76699 76522 
3 76522 76699 76700 
3 76522 76700 76523 
3 76523 76700 76701 
3 76523 76701 76524 
3 76524 76701 76702 
3 76524 76702 76525 
3 76525 76702 76703 
3 76525 76703 76526 
3 76526 76703 76704 
3 76526 76704 76527 
3 76527 76704 76705 
3 76527 76705 76528 
3 76528 76705 76706 
3 76528 76706 76529 
3 76529 76706 76707 
3 76529 76707 76530 
3 76530 76707 76708 
3 76530 76708 76531 
3 76531 76708 76709 
3 76531 76709 76532 
3 76532 76709 76710 
3 76532 76710 76533 
3 76533 76710 76711 
3 76533 76711 76534 
3 76534 76711 76712 
3 76534 76712 76535 
3 76535 76712 76713 
3 76535 76713 76536 
3 76536 76713 76714 
3 76538 76715 76539 
3 76539 76715 76716 
3 76539 76716 76540 
3 76540 76716 76717 
3 76540 76717 76541 
3 76541 76717 76718 
3 76541 76718 76542 
3 76542 76718 76719 
3 76542 76719 76543 
3 76543 76719 76720 
3 76543 76720 76544 
3 76544 76720 76721 
3 76544 76721 76545 
3 76545 76721 76722 
3 76545 76722 76546 
3 76546 76722 76723 
3 76546 76723 76547 
3 76547 76723 76724 
3 76547 76724 76548 
3 76548 76724 76725 
3 76548 76725 76549 
3 76549 76725 76726 
3 76549 76726 76550 
3 76550 76726 76727 
3 76550 76727 76551 
3 76551 76727 76728 
3 76551 76728 76552 
3 76552 76728 76729 
3 76552 76729 76553 
3 76553 76729 76730 
3 76553 76730 76554 
3 76554 76730 76731 
3 76554 76731 76555 
3 76555 76731 76732 
3 76555 76732 76556 
3 76556 76732 76733 
3 76556 76733 76557 
3 76557 76733 76734 
3 76557 76734 76558 
3 76558 76734 76735 
3 76558 76735 76559 
3 76559 76735 76736 
3 76559 76736 76560 
3 76560 76736 76737 
3 76560 76737 76561 
3 76561 76737 76738 
3 76561 76738 76562 
3 76562 76738 76739 
3 76562 76739 76563 
3 76563 76739 76740 
3 76563 76740 76564 
3 76564 76740 76741 
3 76564 76741 76565 
3 76565 76741 76742 
3 76565 76742 76566 
3 76566 76742 76743 
3 76566 76743 76567 
3 76567 76743 76744 
3 76567 76744 76568 
3 76568 76744 76745 
3 76568 76745 76569 
3 76569 76745 76746 
3 76569 76746 76570 
3 76570 76746 76747 
3 76570 76747 76571 
3 76571 76747 76748 
3 76571 76748 76572 
3 76572 76748 76749 
3 76572 76749 76573 
3 76573 76749 76750 
3 76573 76750 76574 
3 76574 76750 76751 
3 76574 76751 76575 
3 76575 76751 76752 
3 76575 76752 76576 
3 76576 76752 76753 
3 76576 76753 76577 
3 76577 76753 76754 
3 76577 76754 76578 
3 76578 76754 76755 
3 76578 76755 76579 
3 76579 76755 76756 
3 76579 76756 76580 
3 76580 76756 76757 
3 76580 76757 76581 
3 76581 76757 76758 
3 76581 76758 76582 
3 76582 76758 76759 
3 76583 76761 76762 
3 76583 76762 76584 
3 76584 76762 76763 
3 76584 76763 76585 
3 76585 76763 76764 
3 76585 76764 76586 
3 76586 76764 76765 
3 76586 76765 76587 
3 76587 76765 76766 
3 76587 76766 76588 
3 76588 76766 76767 
3 76588 76767 76589 
3 76589 76767 76768 
3 76589 76768 76590 
3 76590 76768 76769 
3 76590 76769 76591 
3 76591 76769 76770 
3 76591 76770 76592 
3 76592 76770 76771 
3 76592 76771 76593 
3 76593 76771 76772 
3 76593 76772 76594 
3 76594 76772 76773 
3 76594 76773 76595 
3 76595 76773 76774 
3 76595 76774 76596 
3 76596 76774 76775 
3 76596 76775 76597 
3 76597 76775 76776 
3 76597 76776 76598 
3 76598 76776 76777 
3 76598 76777 76599 
3 76599 76777 76778 
3 76599 76778 76600 
3 76600 76778 76779 
3 76600 76779 76601 
3 76601 76779 76780 
3 76601 76780 76602 
3 76602 76780 76781 
3 76602 76781 76603 
3 76603 76781 76782 
3 76603 76782 76604 
3 76604 76782 76783 
3 76604 76783 76605 
3 76605 76783 76784 
3 76605 76784 76606 
3 76606 76784 76785 
3 76606 76785 76607 
3 76607 76785 76786 
3 76607 76786 76608 
3 76608 76786 76787 
3 76608 76787 76609 
3 76609 76787 76788 
3 76609 76788 76610 
3 76610 76788 76789 
3 76610 76789 76611 
3 76611 76789 76790 
3 76611 76790 76612 
3 76612 76790 76791 
3 76612 76791 76613 
3 76613 76791 76792 
3 76613 76792 76614 
3 76614 76792 76793 
3 76614 76793 76615 
3 76615 76793 76794 
3 76615 76794 76616 
3 76616 76794 76795 
3 76616 76795 76617 
3 76617 76795 76796 
3 76617 76796 76618 
3 76618 76796 76797 
3 76618 76797 76619 
3 76619 76797 76798 
3 76619 76798 76620 
3 76620 76798 76799 
3 76620 76799 76621 
3 76621 76799 76800 
3 76621 76800 76622 
3 76622 76800 76801 
3 76622 76801 76623 
3 76624 76802 76803 
3 76624 76803 76625 
3 76625 76803 76804 
3 76625 76804 76626 
3 76626 76804 76805 
3 76626 76805 76627 
3 76627 76805 76806 
3 76627 76806 76628 
3 76628 76806 76807 
3 76628 76807 76629 
3 76629 76807 76808 
3 76629 76808 76630 
3 76630 76808 76809 
3 76630 76809 76631 
3 76631 76809 76810 
3 76631 76810 76632 
3 76632 76810 76811 
3 76632 76811 76633 
3 76633 76811 76812 
3 76633 76812 76634 
3 76634 76812 76813 
3 76634 76813 76635 
3 76635 76813 76814 
3 76635 76814 76636 
3 76636 76814 76815 
3 76636 76815 76637 
3 76637 76815 76816 
3 76637 76816 76638 
3 76638 76816 76817 
3 76638 76817 76639 
3 76639 76817 76818 
3 76639 76818 76640 
3 76640 76818 76819 
3 76640 76819 76641 
3 76641 76819 76820 
3 76641 76820 76642 
3 76642 76820 76821 
3 76642 76821 76643 
3 76643 76821 76822 
3 76643 76822 76644 
3 76644 76822 76823 
3 76644 76823 76645 
3 76645 76823 76824 
3 76645 76824 76646 
3 76646 76824 76825 
3 76646 76825 76647 
3 76647 76825 76826 
3 76647 76826 76648 
3 76648 76826 76827 
3 76648 76827 76649 
3 76649 76827 76828 
3 76649 76828 76650 
3 76650 76828 76829 
3 76650 76829 76651 
3 76651 76829 76830 
3 76651 76830 76652 
3 76652 76830 76831 
3 76652 76831 76653 
3 76653 76831 76832 
3 76653 76832 76654 
3 76654 76832 76833 
3 76654 76833 76655 
3 76655 76833 76834 
3 76655 76834 76656 
3 76656 76834 76835 
3 76656 76835 76657 
3 76657 76835 76836 
3 76657 76836 76658 
3 76658 76836 76837 
3 76658 76837 76659 
3 76659 76837 76838 
3 76659 76838 76660 
3 76660 76838 76839 
3 76660 76839 76661 
3 76661 76839 76840 
3 76661 76840 76662 
3 76662 76840 76841 
3 76662 76841 76663 
3 76663 76841 76842 
3 76663 76842 76664 
3 76664 76842 76843 
3 76664 76843 76665 
3 76665 76843 76844 
3 76665 76844 76666 
3 76666 76844 76845 
3 76666 76845 76667 
3 76667 76845 76846 
3 76667 76846 76668 
3 76668 76846 76847 
3 76668 76847 76669 
3 76669 76847 76848 
3 76669 76848 76670 
3 76670 76848 76849 
3 76670 76849 76671 
3 76671 76849 76850 
3 76671 76850 76672 
3 76672 76850 76851 
3 76672 76851 76673 
3 76673 76851 76852 
3 76673 76852 76674 
3 76674 76852 76853 
3 76674 76853 76675 
3 76675 76853 76854 
3 76675 76854 76676 
3 76676 76854 76855 
3 76676 76855 76677 
3 76677 76855 76856 
3 76677 76856 76678 
3 76678 76856 76857 
3 76678 76857 76679 
3 76679 76857 76858 
3 76679 76858 76680 
3 76680 76858 76859 
3 76680 76859 76681 
3 76681 76859 76860 
3 76681 76860 76682 
3 76682 76860 76861 
3 76682 76861 76683 
3 76683 76861 76862 
3 76683 76862 76684 
3 76684 76862 76863 
3 76684 76863 76685 
3 76685 76863 76864 
3 76685 76864 76686 
3 76686 76864 76865 
3 76686 76865 76687 
3 76687 76865 76866 
3 76687 76866 76688 
3 76688 76866 76867 
3 76688 76867 76689 
3 76689 76867 76868 
3 76689 76868 76690 
3 76690 76868 76869 
3 76690 76869 76691 
3 76691 76869 76870 
3 76691 76870 76692 
3 76692 76870 76871 
3 76692 76871 76693 
3 76693 76871 76872 
3 76693 76872 76694 
3 76694 76872 76873 
3 76694 76873 76695 
3 76695 76873 76874 
3 76695 76874 76696 
3 76696 76874 76875 
3 76696 76875 76697 
3 76697 76875 76876 
3 76697 76876 76698 
3 76698 76876 76877 
3 76698 76877 76699 
3 76699 76877 76878 
3 76699 76878 76700 
3 76700 76878 76879 
3 76700 76879 76701 
3 76701 76879 76880 
3 76701 76880 76702 
3 76702 76880 76881 
3 76702 76881 76703 
3 76703 76881 76882 
3 76703 76882 76704 
3 76704 76882 76883 
3 76704 76883 76705 
3 76705 76883 76884 
3 76705 76884 76706 
3 76706 76884 76885 
3 76706 76885 76707 
3 76707 76885 76886 
3 76707 76886 76708 
3 76708 76886 76887 
3 76708 76887 76709 
3 76709 76887 76888 
3 76709 76888 76710 
3 76710 76888 76889 
3 76710 76889 76711 
3 76711 76889 76890 
3 76711 76890 76712 
3 76712 76890 76891 
3 76712 76891 76713 
3 76713 76891 76892 
3 76713 76892 76714 
3 76715 76893 76716 
3 76716 76893 76894 
3 76716 76894 76717 
3 76717 76894 76895 
3 76717 76895 76718 
3 76718 76895 76896 
3 76718 76896 76719 
3 76719 76896 76897 
3 76719 76897 76720 
3 76720 76897 76898 
3 76720 76898 76721 
3 76721 76898 76899 
3 76721 76899 76722 
3 76722 76899 76900 
3 76722 76900 76723 
3 76723 76900 76901 
3 76723 76901 76724 
3 76724 76901 76902 
3 76724 76902 76725 
3 76725 76902 76903 
3 76725 76903 76726 
3 76726 76903 76904 
3 76726 76904 76727 
3 76727 76904 76905 
3 76727 76905 76728 
3 76728 76905 76906 
3 76728 76906 76729 
3 76729 76906 76907 
3 76729 76907 76730 
3 76730 76907 76908 
3 76730 76908 76731 
3 76731 76908 76909 
3 76731 76909 76732 
3 76732 76909 76910 
3 76732 76910 76733 
3 76733 76910 76911 
3 76733 76911 76734 
3 76734 76911 76912 
3 76734 76912 76735 
3 76735 76912 76913 
3 76735 76913 76736 
3 76736 76913 76914 
3 76736 76914 76737 
3 76737 76914 76915 
3 76737 76915 76738 
3 76738 76915 76916 
3 76738 76916 76739 
3 76739 76916 76917 
3 76739 76917 76740 
3 76740 76917 76918 
3 76740 76918 76741 
3 76741 76918 76919 
3 76741 76919 76742 
3 76742 76919 76920 
3 76742 76920 76743 
3 76743 76920 76921 
3 76743 76921 76744 
3 76744 76921 76922 
3 76744 76922 76745 
3 76745 76922 76923 
3 76745 76923 76746 
3 76746 76923 76924 
3 76746 76924 76747 
3 76747 76924 76925 
3 76747 76925 76748 
3 76748 76925 76926 
3 76748 76926 76749 
3 76749 76926 76927 
3 76749 76927 76750 
3 76750 76927 76928 
3 76750 76928 76751 
3 76751 76928 76929 
3 76751 76929 76752 
3 76752 76929 76930 
3 76752 76930 76753 
3 76753 76930 76931 
3 76753 76931 76754 
3 76754 76931 76932 
3 76754 76932 76755 
3 76755 76932 76933 
3 76755 76933 76756 
3 76756 76933 76934 
3 76756 76934 76757 
3 76757 76934 76935 
3 76757 76935 76758 
3 76758 76935 76936 
3 76758 76936 76759 
3 76759 76936 76937 
3 76759 76937 76760 
3 76760 76937 76938 
3 76761 76940 76941 
3 76761 76941 76762 
3 76762 76941 76942 
3 76762 76942 76763 
3 76763 76942 76943 
3 76763 76943 76764 
3 76764 76943 76944 
3 76764 76944 76765 
3 76765 76944 76945 
3 76765 76945 76766 
3 76766 76945 76946 
3 76766 76946 76767 
3 76767 76946 76947 
3 76767 76947 76768 
3 76768 76947 76948 
3 76768 76948 76769 
3 76769 76948 76949 
3 76769 76949 76770 
3 76770 76949 76950 
3 76770 76950 76771 
3 76771 76950 76951 
3 76771 76951 76772 
3 76772 76951 76952 
3 76772 76952 76773 
3 76773 76952 76953 
3 76773 76953 76774 
3 76774 76953 76954 
3 76774 76954 76775 
3 76775 76954 76955 
3 76775 76955 76776 
3 76776 76955 76956 
3 76776 76956 76777 
3 76777 76956 76957 
3 76777 76957 76778 
3 76778 76957 76958 
3 76778 76958 76779 
3 76779 76958 76959 
3 76779 76959 76780 
3 76780 76959 76960 
3 76780 76960 76781 
3 76781 76960 76961 
3 76781 76961 76782 
3 76782 76961 76962 
3 76782 76962 76783 
3 76783 76962 76963 
3 76783 76963 76784 
3 76784 76963 76964 
3 76784 76964 76785 
3 76785 76964 76965 
3 76785 76965 76786 
3 76786 76965 76966 
3 76786 76966 76787 
3 76787 76966 76967 
3 76787 76967 76788 
3 76788 76967 76968 
3 76788 76968 76789 
3 76789 76968 76969 
3 76789 76969 76790 
3 76790 76969 76970 
3 76790 76970 76791 
3 76791 76970 76971 
3 76791 76971 76792 
3 76792 76971 76972 
3 76792 76972 76793 
3 76793 76972 76973 
3 76793 76973 76794 
3 76794 76973 76974 
3 76794 76974 76795 
3 76795 76974 76975 
3 76795 76975 76796 
3 76796 76975 76976 
3 76796 76976 76797 
3 76797 76976 76977 
3 76797 76977 76798 
3 76798 76977 76978 
3 76798 76978 76799 
3 76799 76978 76979 
3 76799 76979 76800 
3 76800 76979 76980 
3 76800 76980 76801 
3 76801 76980 76981 
3 76802 76982 76983 
3 76802 76983 76803 
3 76803 76983 76984 
3 76803 76984 76804 
3 76804 76984 76985 
3 76804 76985 76805 
3 76805 76985 76986 
3 76805 76986 76806 
3 76806 76986 76987 
3 76806 76987 76807 
3 76807 76987 76988 
3 76807 76988 76808 
3 76808 76988 76989 
3 76808 76989 76809 
3 76809 76989 76990 
3 76809 76990 76810 
3 76810 76990 76991 
3 76810 76991 76811 
3 76811 76991 76992 
3 76811 76992 76812 
3 76812 76992 76993 
3 76812 76993 76813 
3 76813 76993 76994 
3 76813 76994 76814 
3 76814 76994 76995 
3 76814 76995 76815 
3 76815 76995 76996 
3 76815 76996 76816 
3 76816 76996 76997 
3 76816 76997 76817 
3 76817 76997 76998 
3 76817 76998 76818 
3 76818 76998 76999 
3 76818 76999 76819 
3 76819 76999 77000 
3 76819 77000 76820 
3 76820 77000 77001 
3 76820 77001 76821 
3 76821 77001 77002 
3 76821 77002 76822 
3 76822 77002 77003 
3 76822 77003 76823 
3 76823 77003 77004 
3 76823 77004 76824 
3 76824 77004 77005 
3 76824 77005 76825 
3 76825 77005 77006 
3 76825 77006 76826 
3 76826 77006 77007 
3 76826 77007 76827 
3 76827 77007 77008 
3 76827 77008 76828 
3 76828 77008 77009 
3 76828 77009 76829 
3 76829 77009 77010 
3 76829 77010 76830 
3 76830 77010 77011 
3 76830 77011 76831 
3 76831 77011 77012 
3 76831 77012 76832 
3 76832 77012 77013 
3 76832 77013 76833 
3 76833 77013 77014 
3 76833 77014 76834 
3 76834 77014 77015 
3 76834 77015 76835 
3 76835 77015 77016 
3 76835 77016 76836 
3 76836 77016 77017 
3 76836 77017 76837 
3 76837 77017 77018 
3 76837 77018 76838 
3 76838 77018 77019 
3 76838 77019 76839 
3 76839 77019 77020 
3 76839 77020 76840 
3 76840 77020 77021 
3 76840 77021 76841 
3 76841 77021 77022 
3 76841 77022 76842 
3 76842 77022 77023 
3 76842 77023 76843 
3 76843 77023 77024 
3 76843 77024 76844 
3 76844 77024 77025 
3 76844 77025 76845 
3 76845 77025 77026 
3 76845 77026 76846 
3 76846 77026 77027 
3 76846 77027 76847 
3 76847 77027 77028 
3 76847 77028 76848 
3 76848 77028 77029 
3 76848 77029 76849 
3 76849 77029 77030 
3 76849 77030 76850 
3 76850 77030 77031 
3 76850 77031 76851 
3 76851 77031 77032 
3 76851 77032 76852 
3 76852 77032 77033 
3 76852 77033 76853 
3 76853 77033 77034 
3 76853 77034 76854 
3 76854 77034 77035 
3 76854 77035 76855 
3 76855 77035 77036 
3 76855 77036 76856 
3 76856 77036 77037 
3 76856 77037 76857 
3 76857 77037 77038 
3 76857 77038 76858 
3 76858 77038 77039 
3 76858 77039 76859 
3 76859 77039 77040 
3 76859 77040 76860 
3 76860 77040 77041 
3 76860 77041 76861 
3 76861 77041 77042 
3 76861 77042 76862 
3 76862 77042 77043 
3 76862 77043 76863 
3 76863 77043 77044 
3 76863 77044 76864 
3 76864 77044 77045 
3 76864 77045 76865 
3 76865 77045 77046 
3 76865 77046 76866 
3 76866 77046 77047 
3 76866 77047 76867 
3 76867 77047 77048 
3 76867 77048 76868 
3 76868 77048 77049 
3 76868 77049 76869 
3 76869 77049 77050 
3 76869 77050 76870 
3 76870 77050 77051 
3 76870 77051 76871 
3 76871 77051 77052 
3 76871 77052 76872 
3 76872 77052 77053 
3 76872 77053 76873 
3 76873 77053 77054 
3 76873 77054 76874 
3 76874 77054 77055 
3 76874 77055 76875 
3 76875 77055 77056 
3 76875 77056 76876 
3 76876 77056 77057 
3 76876 77057 76877 
3 76877 77057 77058 
3 76877 77058 76878 
3 76878 77058 77059 
3 76878 77059 76879 
3 76879 77059 77060 
3 76879 77060 76880 
3 76880 77060 77061 
3 76880 77061 76881 
3 76881 77061 77062 
3 76881 77062 76882 
3 76882 77062 77063 
3 76882 77063 76883 
3 76883 77063 77064 
3 76883 77064 76884 
3 76884 77064 77065 
3 76884 77065 76885 
3 76885 77065 77066 
3 76885 77066 76886 
3 76886 77066 77067 
3 76886 77067 76887 
3 76887 77067 77068 
3 76887 77068 76888 
3 76888 77068 77069 
3 76888 77069 76889 
3 76889 77069 77070 
3 76889 77070 76890 
3 76890 77070 77071 
3 76890 77071 76891 
3 76891 77071 77072 
3 76891 77072 76892 
3 76893 77073 77074 
3 76893 77074 76894 
3 76894 77074 77075 
3 76894 77075 76895 
3 76895 77075 77076 
3 76895 77076 76896 
3 76896 77076 77077 
3 76896 77077 76897 
3 76897 77077 77078 
3 76897 77078 76898 
3 76898 77078 77079 
3 76898 77079 76899 
3 76899 77079 77080 
3 76899 77080 76900 
3 76900 77080 77081 
3 76900 77081 76901 
3 76901 77081 77082 
3 76901 77082 76902 
3 76902 77082 77083 
3 76902 77083 76903 
3 76903 77083 77084 
3 76903 77084 76904 
3 76904 77084 77085 
3 76904 77085 76905 
3 76905 77085 77086 
3 76905 77086 76906 
3 76906 77086 77087 
3 76906 77087 76907 
3 76907 77087 77088 
3 76907 77088 76908 
3 76908 77088 77089 
3 76908 77089 76909 
3 76909 77089 77090 
3 76909 77090 76910 
3 76910 77090 77091 
3 76910 77091 76911 
3 76911 77091 77092 
3 76911 77092 76912 
3 76912 77092 77093 
3 76912 77093 76913 
3 76913 77093 77094 
3 76913 77094 76914 
3 76914 77094 77095 
3 76914 77095 76915 
3 76915 77095 77096 
3 76915 77096 76916 
3 76916 77096 77097 
3 76916 77097 76917 
3 76917 77097 77098 
3 76917 77098 76918 
3 76918 77098 77099 
3 76918 77099 76919 
3 76919 77099 77100 
3 76919 77100 76920 
3 76920 77100 77101 
3 76920 77101 76921 
3 76921 77101 77102 
3 76921 77102 76922 
3 76922 77102 77103 
3 76922 77103 76923 
3 76923 77103 77104 
3 76923 77104 76924 
3 76924 77104 77105 
3 76924 77105 76925 
3 76925 77105 77106 
3 76925 77106 76926 
3 76926 77106 77107 
3 76926 77107 76927 
3 76927 77107 77108 
3 76927 77108 76928 
3 76928 77108 77109 
3 76928 77109 76929 
3 76929 77109 77110 
3 76929 77110 76930 
3 76930 77110 77111 
3 76930 77111 76931 
3 76931 77111 77112 
3 76931 77112 76932 
3 76932 77112 77113 
3 76932 77113 76933 
3 76933 77113 77114 
3 76933 77114 76934 
3 76934 77114 77115 
3 76934 77115 76935 
3 76935 77115 77116 
3 76935 77116 76936 
3 76936 77116 77117 
3 76936 77117 76937 
3 76937 77117 77118 
3 76937 77118 76938 
3 76938 77118 77119 
3 76939 77124 77125 
3 76939 77125 76940 
3 76940 77125 77126 
3 76940 77126 76941 
3 76941 77126 77127 
3 76941 77127 76942 
3 76942 77127 77128 
3 76942 77128 76943 
3 76943 77128 77129 
3 76943 77129 76944 
3 76944 77129 77130 
3 76944 77130 76945 
3 76945 77130 77131 
3 76945 77131 76946 
3 76946 77131 77132 
3 76946 77132 76947 
3 76947 77132 77133 
3 76947 77133 76948 
3 76948 77133 77134 
3 76948 77134 76949 
3 76949 77134 77135 
3 76949 77135 76950 
3 76950 77135 77136 
3 76950 77136 76951 
3 76951 77136 77137 
3 76951 77137 76952 
3 76952 77137 77138 
3 76952 77138 76953 
3 76953 77138 77139 
3 76953 77139 76954 
3 76954 77139 77140 
3 76954 77140 76955 
3 76955 77140 77141 
3 76955 77141 76956 
3 76956 77141 77142 
3 76956 77142 76957 
3 76957 77142 77143 
3 76957 77143 76958 
3 76958 77143 77144 
3 76958 77144 76959 
3 76959 77144 77145 
3 76959 77145 76960 
3 76960 77145 77146 
3 76960 77146 76961 
3 76961 77146 77147 
3 76961 77147 76962 
3 76962 77147 77148 
3 76962 77148 76963 
3 76963 77148 77149 
3 76963 77149 76964 
3 76964 77149 77150 
3 76964 77150 76965 
3 76965 77150 77151 
3 76965 77151 76966 
3 76966 77151 77152 
3 76966 77152 76967 
3 76967 77152 77153 
3 76967 77153 76968 
3 76968 77153 77154 
3 76968 77154 76969 
3 76969 77154 77155 
3 76969 77155 76970 
3 76970 77155 77156 
3 76970 77156 76971 
3 76971 77156 77157 
3 76971 77157 76972 
3 76972 77157 77158 
3 76972 77158 76973 
3 76973 77158 77159 
3 76973 77159 76974 
3 76974 77159 77160 
3 76974 77160 76975 
3 76975 77160 77161 
3 76975 77161 76976 
3 76976 77161 77162 
3 76976 77162 76977 
3 76977 77162 77163 
3 76977 77163 76978 
3 76978 77163 77164 
3 76978 77164 76979 
3 76979 77164 77165 
3 76979 77165 76980 
3 76980 77165 77166 
3 76980 77166 76981 
3 76981 77166 77167 
3 76982 77168 76983 
3 76983 77168 77169 
3 76983 77169 76984 
3 76984 77169 77170 
3 76984 77170 76985 
3 76985 77170 77171 
3 76985 77171 76986 
3 76986 77171 77172 
3 76986 77172 76987 
3 76987 77172 77173 
3 76987 77173 76988 
3 76988 77173 77174 
3 76988 77174 76989 
3 76989 77174 77175 
3 76989 77175 76990 
3 76990 77175 77176 
3 76990 77176 76991 
3 76991 77176 77177 
3 76991 77177 76992 
3 76992 77177 77178 
3 76992 77178 76993 
3 76993 77178 77179 
3 76993 77179 76994 
3 76994 77179 77180 
3 76994 77180 76995 
3 76995 77180 77181 
3 76995 77181 76996 
3 76996 77181 77182 
3 76996 77182 76997 
3 76997 77182 77183 
3 76997 77183 76998 
3 76998 77183 77184 
3 76998 77184 76999 
3 76999 77184 77185 
3 76999 77185 77000 
3 77000 77185 77186 
3 77000 77186 77001 
3 77001 77186 77187 
3 77001 77187 77002 
3 77002 77187 77188 
3 77002 77188 77003 
3 77003 77188 77189 
3 77003 77189 77004 
3 77004 77189 77190 
3 77004 77190 77005 
3 77005 77190 77191 
3 77005 77191 77006 
3 77006 77191 77192 
3 77006 77192 77007 
3 77007 77192 77193 
3 77007 77193 77008 
3 77008 77193 77194 
3 77008 77194 77009 
3 77009 77194 77195 
3 77009 77195 77010 
3 77010 77195 77196 
3 77010 77196 77011 
3 77011 77196 77197 
3 77011 77197 77012 
3 77012 77197 77198 
3 77012 77198 77013 
3 77013 77198 77199 
3 77013 77199 77014 
3 77014 77199 77200 
3 77014 77200 77015 
3 77015 77200 77201 
3 77015 77201 77016 
3 77016 77201 77202 
3 77016 77202 77017 
3 77017 77202 77203 
3 77017 77203 77018 
3 77018 77203 77204 
3 77018 77204 77019 
3 77019 77204 77205 
3 77019 77205 77020 
3 77020 77205 77206 
3 77020 77206 77021 
3 77021 77206 77207 
3 77021 77207 77022 
3 77022 77207 77208 
3 77022 77208 77023 
3 77023 77208 77209 
3 77023 77209 77024 
3 77024 77209 77210 
3 77024 77210 77025 
3 77025 77210 77211 
3 77025 77211 77026 
3 77026 77211 77212 
3 77026 77212 77027 
3 77027 77212 77213 
3 77027 77213 77028 
3 77028 77213 77214 
3 77028 77214 77029 
3 77029 77214 77215 
3 77029 77215 77030 
3 77030 77215 77216 
3 77030 77216 77031 
3 77031 77216 77217 
3 77031 77217 77032 
3 77032 77217 77218 
3 77032 77218 77033 
3 77033 77218 77219 
3 77033 77219 77034 
3 77034 77219 77220 
3 77034 77220 77035 
3 77035 77220 77221 
3 77035 77221 77036 
3 77036 77221 77222 
3 77036 77222 77037 
3 77037 77222 77223 
3 77037 77223 77038 
3 77038 77223 77224 
3 77038 77224 77039 
3 77039 77224 77225 
3 77039 77225 77040 
3 77040 77225 77226 
3 77040 77226 77041 
3 77041 77226 77227 
3 77041 77227 77042 
3 77042 77227 77228 
3 77042 77228 77043 
3 77043 77228 77229 
3 77043 77229 77044 
3 77044 77229 77230 
3 77044 77230 77045 
3 77045 77230 77231 
3 77045 77231 77046 
3 77046 77231 77232 
3 77046 77232 77047 
3 77047 77232 77233 
3 77047 77233 77048 
3 77048 77233 77234 
3 77048 77234 77049 
3 77049 77234 77235 
3 77049 77235 77050 
3 77050 77235 77236 
3 77050 77236 77051 
3 77051 77236 77237 
3 77051 77237 77052 
3 77052 77237 77238 
3 77052 77238 77053 
3 77053 77238 77239 
3 77053 77239 77054 
3 77054 77239 77240 
3 77054 77240 77055 
3 77055 77240 77241 
3 77055 77241 77056 
3 77056 77241 77242 
3 77056 77242 77057 
3 77057 77242 77243 
3 77057 77243 77058 
3 77058 77243 77244 
3 77058 77244 77059 
3 77059 77244 77245 
3 77059 77245 77060 
3 77060 77245 77246 
3 77060 77246 77061 
3 77061 77246 77247 
3 77061 77247 77062 
3 77062 77247 77248 
3 77062 77248 77063 
3 77063 77248 77249 
3 77063 77249 77064 
3 77064 77249 77250 
3 77064 77250 77065 
3 77065 77250 77251 
3 77065 77251 77066 
3 77066 77251 77252 
3 77066 77252 77067 
3 77067 77252 77253 
3 77067 77253 77068 
3 77068 77253 77254 
3 77068 77254 77069 
3 77069 77254 77255 
3 77069 77255 77070 
3 77070 77255 77256 
3 77070 77256 77071 
3 77071 77256 77257 
3 77071 77257 77072 
3 77072 77257 77258 
3 77073 77259 77074 
3 77074 77259 77260 
3 77074 77260 77075 
3 77075 77260 77261 
3 77075 77261 77076 
3 77076 77261 77262 
3 77076 77262 77077 
3 77077 77262 77263 
3 77077 77263 77078 
3 77078 77263 77264 
3 77078 77264 77079 
3 77079 77264 77265 
3 77079 77265 77080 
3 77080 77265 77266 
3 77080 77266 77081 
3 77081 77266 77267 
3 77081 77267 77082 
3 77082 77267 77268 
3 77082 77268 77083 
3 77083 77268 77269 
3 77083 77269 77084 
3 77084 77269 77270 
3 77084 77270 77085 
3 77085 77270 77271 
3 77085 77271 77086 
3 77086 77271 77272 
3 77086 77272 77087 
3 77087 77272 77273 
3 77087 77273 77088 
3 77088 77273 77274 
3 77088 77274 77089 
3 77089 77274 77275 
3 77089 77275 77090 
3 77090 77275 77276 
3 77090 77276 77091 
3 77091 77276 77277 
3 77091 77277 77092 
3 77092 77277 77278 
3 77092 77278 77093 
3 77093 77278 77279 
3 77093 77279 77094 
3 77094 77279 77280 
3 77094 77280 77095 
3 77095 77280 77281 
3 77095 77281 77096 
3 77096 77281 77282 
3 77096 77282 77097 
3 77097 77282 77283 
3 77097 77283 77098 
3 77098 77283 77284 
3 77098 77284 77099 
3 77099 77284 77285 
3 77099 77285 77100 
3 77100 77285 77286 
3 77100 77286 77101 
3 77101 77286 77287 
3 77101 77287 77102 
3 77102 77287 77288 
3 77102 77288 77103 
3 77103 77288 77289 
3 77103 77289 77104 
3 77104 77289 77290 
3 77104 77290 77105 
3 77105 77290 77291 
3 77105 77291 77106 
3 77106 77291 77292 
3 77106 77292 77107 
3 77107 77292 77293 
3 77107 77293 77108 
3 77108 77293 77294 
3 77108 77294 77109 
3 77109 77294 77295 
3 77109 77295 77110 
3 77110 77295 77296 
3 77110 77296 77111 
3 77111 77296 77297 
3 77111 77297 77112 
3 77112 77297 77298 
3 77112 77298 77113 
3 77113 77298 77299 
3 77113 77299 77114 
3 77114 77299 77300 
3 77114 77300 77115 
3 77115 77300 77301 
3 77115 77301 77116 
3 77116 77301 77302 
3 77116 77302 77117 
3 77117 77302 77303 
3 77117 77303 77118 
3 77118 77303 77304 
3 77118 77304 77119 
3 77119 77304 77305 
3 77119 77305 77120 
3 77120 77305 77306 
3 77120 77306 77121 
3 77122 77309 77310 
3 77122 77310 77123 
3 77123 77310 77311 
3 77123 77311 77124 
3 77124 77311 77312 
3 77124 77312 77125 
3 77125 77312 77313 
3 77125 77313 77126 
3 77126 77313 77314 
3 77126 77314 77127 
3 77127 77314 77315 
3 77127 77315 77128 
3 77128 77315 77316 
3 77128 77316 77129 
3 77129 77316 77317 
3 77129 77317 77130 
3 77130 77317 77318 
3 77130 77318 77131 
3 77131 77318 77319 
3 77131 77319 77132 
3 77132 77319 77320 
3 77132 77320 77133 
3 77133 77320 77321 
3 77133 77321 77134 
3 77134 77321 77322 
3 77134 77322 77135 
3 77135 77322 77323 
3 77135 77323 77136 
3 77136 77323 77324 
3 77136 77324 77137 
3 77137 77324 77325 
3 77137 77325 77138 
3 77138 77325 77326 
3 77138 77326 77139 
3 77139 77326 77327 
3 77139 77327 77140 
3 77140 77327 77328 
3 77140 77328 77141 
3 77141 77328 77329 
3 77141 77329 77142 
3 77142 77329 77330 
3 77142 77330 77143 
3 77143 77330 77331 
3 77143 77331 77144 
3 77144 77331 77332 
3 77144 77332 77145 
3 77145 77332 77333 
3 77145 77333 77146 
3 77146 77333 77334 
3 77146 77334 77147 
3 77147 77334 77335 
3 77147 77335 77148 
3 77148 77335 77336 
3 77148 77336 77149 
3 77149 77336 77337 
3 77149 77337 77150 
3 77150 77337 77338 
3 77150 77338 77151 
3 77151 77338 77339 
3 77151 77339 77152 
3 77152 77339 77340 
3 77152 77340 77153 
3 77153 77340 77341 
3 77153 77341 77154 
3 77154 77341 77342 
3 77154 77342 77155 
3 77155 77342 77343 
3 77155 77343 77156 
3 77156 77343 77344 
3 77156 77344 77157 
3 77157 77344 77345 
3 77157 77345 77158 
3 77158 77345 77346 
3 77158 77346 77159 
3 77159 77346 77347 
3 77159 77347 77160 
3 77160 77347 77348 
3 77160 77348 77161 
3 77161 77348 77349 
3 77161 77349 77162 
3 77162 77349 77350 
3 77162 77350 77163 
3 77163 77350 77351 
3 77163 77351 77164 
3 77164 77351 77352 
3 77164 77352 77165 
3 77165 77352 77353 
3 77165 77353 77166 
3 77166 77353 77354 
3 77166 77354 77167 
3 77168 77355 77356 
3 77168 77356 77169 
3 77169 77356 77357 
3 77169 77357 77170 
3 77170 77357 77358 
3 77170 77358 77171 
3 77171 77358 77359 
3 77171 77359 77172 
3 77172 77359 77360 
3 77172 77360 77173 
3 77173 77360 77361 
3 77173 77361 77174 
3 77174 77361 77362 
3 77174 77362 77175 
3 77175 77362 77363 
3 77175 77363 77176 
3 77176 77363 77364 
3 77176 77364 77177 
3 77177 77364 77365 
3 77177 77365 77178 
3 77178 77365 77366 
3 77178 77366 77179 
3 77179 77366 77367 
3 77179 77367 77180 
3 77180 77367 77368 
3 77180 77368 77181 
3 77181 77368 77369 
3 77181 77369 77182 
3 77182 77369 77370 
3 77182 77370 77183 
3 77183 77370 77371 
3 77183 77371 77184 
3 77184 77371 77372 
3 77184 77372 77185 
3 77185 77372 77373 
3 77185 77373 77186 
3 77186 77373 77374 
3 77186 77374 77187 
3 77187 77374 77375 
3 77187 77375 77188 
3 77188 77375 77376 
3 77188 77376 77189 
3 77189 77376 77377 
3 77189 77377 77190 
3 77190 77377 77378 
3 77190 77378 77191 
3 77191 77378 77379 
3 77191 77379 77192 
3 77192 77379 77380 
3 77192 77380 77193 
3 77193 77380 77381 
3 77193 77381 77194 
3 77194 77381 77382 
3 77194 77382 77195 
3 77195 77382 77383 
3 77195 77383 77196 
3 77196 77383 77384 
3 77196 77384 77197 
3 77197 77384 77385 
3 77197 77385 77198 
3 77198 77385 77386 
3 77198 77386 77199 
3 77199 77386 77387 
3 77199 77387 77200 
3 77200 77387 77388 
3 77200 77388 77201 
3 77201 77388 77389 
3 77201 77389 77202 
3 77202 77389 77390 
3 77202 77390 77203 
3 77203 77390 77391 
3 77203 77391 77204 
3 77204 77391 77392 
3 77204 77392 77205 
3 77205 77392 77393 
3 77205 77393 77206 
3 77206 77393 77394 
3 77206 77394 77207 
3 77207 77394 77395 
3 77207 77395 77208 
3 77208 77395 77396 
3 77208 77396 77209 
3 77209 77396 77397 
3 77209 77397 77210 
3 77210 77397 77398 
3 77210 77398 77211 
3 77211 77398 77399 
3 77211 77399 77212 
3 77212 77399 77400 
3 77212 77400 77213 
3 77213 77400 77401 
3 77213 77401 77214 
3 77214 77401 77402 
3 77214 77402 77215 
3 77215 77402 77403 
3 77215 77403 77216 
3 77216 77403 77404 
3 77216 77404 77217 
3 77217 77404 77405 
3 77217 77405 77218 
3 77218 77405 77406 
3 77218 77406 77219 
3 77219 77406 77407 
3 77219 77407 77220 
3 77220 77407 77408 
3 77220 77408 77221 
3 77221 77408 77409 
3 77221 77409 77222 
3 77222 77409 77410 
3 77222 77410 77223 
3 77223 77410 77411 
3 77223 77411 77224 
3 77224 77411 77412 
3 77224 77412 77225 
3 77225 77412 77413 
3 77225 77413 77226 
3 77226 77413 77414 
3 77226 77414 77227 
3 77227 77414 77415 
3 77227 77415 77228 
3 77228 77415 77416 
3 77228 77416 77229 
3 77229 77416 77417 
3 77229 77417 77230 
3 77230 77417 77418 
3 77230 77418 77231 
3 77231 77418 77419 
3 77231 77419 77232 
3 77232 77419 77420 
3 77232 77420 77233 
3 77233 77420 77421 
3 77233 77421 77234 
3 77234 77421 77422 
3 77234 77422 77235 
3 77235 77422 77423 
3 77235 77423 77236 
3 77236 77423 77424 
3 77236 77424 77237 
3 77237 77424 77425 
3 77237 77425 77238 
3 77238 77425 77426 
3 77238 77426 77239 
3 77239 77426 77427 
3 77239 77427 77240 
3 77240 77427 77428 
3 77240 77428 77241 
3 77241 77428 77429 
3 77241 77429 77242 
3 77242 77429 77430 
3 77242 77430 77243 
3 77243 77430 77431 
3 77243 77431 77244 
3 77244 77431 77432 
3 77244 77432 77245 
3 77245 77432 77433 
3 77245 77433 77246 
3 77246 77433 77434 
3 77246 77434 77247 
3 77247 77434 77435 
3 77247 77435 77248 
3 77248 77435 77436 
3 77248 77436 77249 
3 77249 77436 77437 
3 77249 77437 77250 
3 77250 77437 77438 
3 77250 77438 77251 
3 77251 77438 77439 
3 77251 77439 77252 
3 77252 77439 77440 
3 77252 77440 77253 
3 77253 77440 77441 
3 77253 77441 77254 
3 77254 77441 77442 
3 77254 77442 77255 
3 77255 77442 77443 
3 77255 77443 77256 
3 77256 77443 77444 
3 77256 77444 77257 
3 77257 77444 77445 
3 77257 77445 77258 
3 77258 77445 77446 
3 77259 77447 77448 
3 77259 77448 77260 
3 77260 77448 77449 
3 77260 77449 77261 
3 77261 77449 77450 
3 77261 77450 77262 
3 77262 77450 77451 
3 77262 77451 77263 
3 77263 77451 77452 
3 77263 77452 77264 
3 77264 77452 77453 
3 77264 77453 77265 
3 77265 77453 77454 
3 77265 77454 77266 
3 77266 77454 77455 
3 77266 77455 77267 
3 77267 77455 77456 
3 77267 77456 77268 
3 77268 77456 77457 
3 77268 77457 77269 
3 77269 77457 77458 
3 77269 77458 77270 
3 77270 77458 77459 
3 77270 77459 77271 
3 77271 77459 77460 
3 77271 77460 77272 
3 77272 77460 77461 
3 77272 77461 77273 
3 77273 77461 77462 
3 77273 77462 77274 
3 77274 77462 77463 
3 77274 77463 77275 
3 77275 77463 77464 
3 77275 77464 77276 
3 77276 77464 77465 
3 77276 77465 77277 
3 77277 77465 77466 
3 77277 77466 77278 
3 77278 77466 77467 
3 77278 77467 77279 
3 77279 77467 77468 
3 77279 77468 77280 
3 77280 77468 77469 
3 77280 77469 77281 
3 77281 77469 77470 
3 77281 77470 77282 
3 77282 77470 77471 
3 77282 77471 77283 
3 77283 77471 77472 
3 77283 77472 77284 
3 77284 77472 77473 
3 77284 77473 77285 
3 77285 77473 77474 
3 77285 77474 77286 
3 77286 77474 77475 
3 77286 77475 77287 
3 77287 77475 77476 
3 77287 77476 77288 
3 77288 77476 77477 
3 77288 77477 77289 
3 77289 77477 77478 
3 77289 77478 77290 
3 77290 77478 77479 
3 77290 77479 77291 
3 77291 77479 77480 
3 77291 77480 77292 
3 77292 77480 77481 
3 77292 77481 77293 
3 77293 77481 77482 
3 77293 77482 77294 
3 77294 77482 77483 
3 77294 77483 77295 
3 77295 77483 77484 
3 77295 77484 77296 
3 77296 77484 77485 
3 77296 77485 77297 
3 77297 77485 77486 
3 77297 77486 77298 
3 77298 77486 77487 
3 77298 77487 77299 
3 77299 77487 77488 
3 77299 77488 77300 
3 77300 77488 77489 
3 77300 77489 77301 
3 77301 77489 77490 
3 77301 77490 77302 
3 77302 77490 77491 
3 77302 77491 77303 
3 77303 77491 77492 
3 77303 77492 77304 
3 77304 77492 77493 
3 77304 77493 77305 
3 77305 77493 77494 
3 77305 77494 77306 
3 77306 77494 77495 
3 77307 77499 77500 
3 77307 77500 77308 
3 77308 77500 77501 
3 77308 77501 77309 
3 77309 77501 77502 
3 77309 77502 77310 
3 77310 77502 77503 
3 77310 77503 77311 
3 77311 77503 77504 
3 77311 77504 77312 
3 77312 77504 77505 
3 77312 77505 77313 
3 77313 77505 77506 
3 77313 77506 77314 
3 77314 77506 77507 
3 77314 77507 77315 
3 77315 77507 77508 
3 77315 77508 77316 
3 77316 77508 77509 
3 77316 77509 77317 
3 77317 77509 77510 
3 77317 77510 77318 
3 77318 77510 77511 
3 77318 77511 77319 
3 77319 77511 77512 
3 77319 77512 77320 
3 77320 77512 77513 
3 77320 77513 77321 
3 77321 77513 77514 
3 77321 77514 77322 
3 77322 77514 77515 
3 77322 77515 77323 
3 77323 77515 77516 
3 77323 77516 77324 
3 77324 77516 77517 
3 77324 77517 77325 
3 77325 77517 77518 
3 77325 77518 77326 
3 77326 77518 77519 
3 77326 77519 77327 
3 77327 77519 77520 
3 77327 77520 77328 
3 77328 77520 77521 
3 77328 77521 77329 
3 77329 77521 77522 
3 77329 77522 77330 
3 77330 77522 77523 
3 77330 77523 77331 
3 77331 77523 77524 
3 77331 77524 77332 
3 77332 77524 77525 
3 77332 77525 77333 
3 77333 77525 77526 
3 77333 77526 77334 
3 77334 77526 77527 
3 77334 77527 77335 
3 77335 77527 77528 
3 77335 77528 77336 
3 77336 77528 77529 
3 77336 77529 77337 
3 77337 77529 77530 
3 77337 77530 77338 
3 77338 77530 77531 
3 77338 77531 77339 
3 77339 77531 77532 
3 77339 77532 77340 
3 77340 77532 77533 
3 77340 77533 77341 
3 77341 77533 77534 
3 77341 77534 77342 
3 77342 77534 77535 
3 77342 77535 77343 
3 77343 77535 77536 
3 77343 77536 77344 
3 77344 77536 77537 
3 77344 77537 77345 
3 77345 77537 77538 
3 77345 77538 77346 
3 77346 77538 77539 
3 77346 77539 77347 
3 77347 77539 77540 
3 77347 77540 77348 
3 77348 77540 77541 
3 77348 77541 77349 
3 77349 77541 77542 
3 77349 77542 77350 
3 77350 77542 77543 
3 77350 77543 77351 
3 77351 77543 77544 
3 77351 77544 77352 
3 77352 77544 77545 
3 77352 77545 77353 
3 77353 77545 77546 
3 77353 77546 77354 
3 77354 77546 77547 
3 77355 77548 77549 
3 77355 77549 77356 
3 77356 77549 77550 
3 77356 77550 77357 
3 77357 77550 77551 
3 77357 77551 77358 
3 77358 77551 77552 
3 77358 77552 77359 
3 77359 77552 77553 
3 77359 77553 77360 
3 77360 77553 77554 
3 77360 77554 77361 
3 77361 77554 77555 
3 77361 77555 77362 
3 77362 77555 77556 
3 77362 77556 77363 
3 77363 77556 77557 
3 77363 77557 77364 
3 77364 77557 77558 
3 77364 77558 77365 
3 77365 77558 77559 
3 77365 77559 77366 
3 77366 77559 77560 
3 77366 77560 77367 
3 77367 77560 77561 
3 77367 77561 77368 
3 77368 77561 77562 
3 77368 77562 77369 
3 77369 77562 77563 
3 77369 77563 77370 
3 77370 77563 77564 
3 77370 77564 77371 
3 77371 77564 77565 
3 77371 77565 77372 
3 77372 77565 77566 
3 77372 77566 77373 
3 77373 77566 77567 
3 77373 77567 77374 
3 77374 77567 77568 
3 77374 77568 77375 
3 77375 77568 77569 
3 77375 77569 77376 
3 77376 77569 77570 
3 77376 77570 77377 
3 77377 77570 77571 
3 77377 77571 77378 
3 77378 77571 77572 
3 77378 77572 77379 
3 77379 77572 77573 
3 77379 77573 77380 
3 77380 77573 77574 
3 77380 77574 77381 
3 77381 77574 77575 
3 77381 77575 77382 
3 77382 77575 77576 
3 77382 77576 77383 
3 77383 77576 77577 
3 77383 77577 77384 
3 77384 77577 77578 
3 77384 77578 77385 
3 77385 77578 77579 
3 77385 77579 77386 
3 77386 77579 77580 
3 77386 77580 77387 
3 77387 77580 77581 
3 77387 77581 77388 
3 77388 77581 77582 
3 77388 77582 77389 
3 77389 77582 77583 
3 77389 77583 77390 
3 77390 77583 77584 
3 77390 77584 77391 
3 77391 77584 77585 
3 77391 77585 77392 
3 77392 77585 77586 
3 77392 77586 77393 
3 77393 77586 77587 
3 77393 77587 77394 
3 77394 77587 77588 
3 77394 77588 77395 
3 77395 77588 77589 
3 77395 77589 77396 
3 77396 77589 77590 
3 77396 77590 77397 
3 77397 77590 77591 
3 77397 77591 77398 
3 77398 77591 77592 
3 77398 77592 77399 
3 77399 77592 77593 
3 77399 77593 77400 
3 77400 77593 77594 
3 77400 77594 77401 
3 77401 77594 77595 
3 77401 77595 77402 
3 77402 77595 77596 
3 77402 77596 77403 
3 77403 77596 77597 
3 77403 77597 77404 
3 77404 77597 77598 
3 77404 77598 77405 
3 77405 77598 77599 
3 77405 77599 77406 
3 77406 77599 77600 
3 77406 77600 77407 
3 77407 77600 77601 
3 77407 77601 77408 
3 77408 77601 77602 
3 77408 77602 77409 
3 77409 77602 77603 
3 77409 77603 77410 
3 77410 77603 77604 
3 77410 77604 77411 
3 77411 77604 77605 
3 77411 77605 77412 
3 77412 77605 77606 
3 77412 77606 77413 
3 77413 77606 77607 
3 77413 77607 77414 
3 77414 77607 77608 
3 77414 77608 77415 
3 77415 77608 77609 
3 77415 77609 77416 
3 77416 77609 77610 
3 77416 77610 77417 
3 77417 77610 77611 
3 77417 77611 77418 
3 77418 77611 77612 
3 77418 77612 77419 
3 77419 77612 77613 
3 77419 77613 77420 
3 77420 77613 77614 
3 77420 77614 77421 
3 77421 77614 77615 
3 77421 77615 77422 
3 77422 77615 77616 
3 77422 77616 77423 
3 77423 77616 77617 
3 77423 77617 77424 
3 77424 77617 77618 
3 77424 77618 77425 
3 77425 77618 77619 
3 77425 77619 77426 
3 77426 77619 77620 
3 77426 77620 77427 
3 77427 77620 77621 
3 77427 77621 77428 
3 77428 77621 77622 
3 77428 77622 77429 
3 77429 77622 77623 
3 77429 77623 77430 
3 77430 77623 77624 
3 77430 77624 77431 
3 77431 77624 77625 
3 77431 77625 77432 
3 77432 77625 77626 
3 77432 77626 77433 
3 77433 77626 77627 
3 77433 77627 77434 
3 77434 77627 77628 
3 77434 77628 77435 
3 77435 77628 77629 
3 77435 77629 77436 
3 77436 77629 77630 
3 77436 77630 77437 
3 77437 77630 77631 
3 77437 77631 77438 
3 77438 77631 77632 
3 77438 77632 77439 
3 77439 77632 77633 
3 77439 77633 77440 
3 77440 77633 77634 
3 77440 77634 77441 
3 77441 77634 77635 
3 77441 77635 77442 
3 77442 77635 77636 
3 77442 77636 77443 
3 77443 77636 77637 
3 77443 77637 77444 
3 77444 77637 77638 
3 77444 77638 77445 
3 77445 77638 77639 
3 77445 77639 77446 
3 77447 77640 77641 
3 77447 77641 77448 
3 77448 77641 77642 
3 77448 77642 77449 
3 77449 77642 77643 
3 77449 77643 77450 
3 77450 77643 77644 
3 77450 77644 77451 
3 77451 77644 77645 
3 77451 77645 77452 
3 77452 77645 77646 
3 77452 77646 77453 
3 77453 77646 77647 
3 77453 77647 77454 
3 77454 77647 77648 
3 77454 77648 77455 
3 77455 77648 77649 
3 77455 77649 77456 
3 77456 77649 77650 
3 77456 77650 77457 
3 77457 77650 77651 
3 77457 77651 77458 
3 77458 77651 77652 
3 77458 77652 77459 
3 77459 77652 77653 
3 77459 77653 77460 
3 77460 77653 77654 
3 77460 77654 77461 
3 77461 77654 77655 
3 77461 77655 77462 
3 77462 77655 77656 
3 77462 77656 77463 
3 77463 77656 77657 
3 77463 77657 77464 
3 77464 77657 77658 
3 77464 77658 77465 
3 77465 77658 77659 
3 77465 77659 77466 
3 77466 77659 77660 
3 77466 77660 77467 
3 77467 77660 77661 
3 77467 77661 77468 
3 77468 77661 77662 
3 77468 77662 77469 
3 77469 77662 77663 
3 77469 77663 77470 
3 77470 77663 77664 
3 77470 77664 77471 
3 77471 77664 77665 
3 77471 77665 77472 
3 77472 77665 77666 
3 77472 77666 77473 
3 77473 77666 77667 
3 77473 77667 77474 
3 77474 77667 77668 
3 77474 77668 77475 
3 77475 77668 77669 
3 77475 77669 77476 
3 77476 77669 77670 
3 77476 77670 77477 
3 77477 77670 77671 
3 77477 77671 77478 
3 77478 77671 77672 
3 77478 77672 77479 
3 77479 77672 77673 
3 77479 77673 77480 
3 77480 77673 77674 
3 77480 77674 77481 
3 77481 77674 77675 
3 77481 77675 77482 
3 77482 77675 77676 
3 77482 77676 77483 
3 77483 77676 77677 
3 77483 77677 77484 
3 77484 77677 77678 
3 77484 77678 77485 
3 77485 77678 77679 
3 77485 77679 77486 
3 77486 77679 77680 
3 77486 77680 77487 
3 77487 77680 77681 
3 77487 77681 77488 
3 77488 77681 77682 
3 77488 77682 77489 
3 77489 77682 77683 
3 77489 77683 77490 
3 77490 77683 77684 
3 77490 77684 77491 
3 77491 77684 77685 
3 77491 77685 77492 
3 77492 77685 77686 
3 77492 77686 77493 
3 77493 77686 77687 
3 77493 77687 77494 
3 77494 77687 77688 
3 77494 77688 77495 
3 77495 77688 77689 
3 77495 77689 77496 
3 77496 77689 77690 
3 77496 77690 77497 
3 77497 77690 77691 
3 77498 77695 77696 
3 77498 77696 77499 
3 77499 77696 77697 
3 77499 77697 77500 
3 77500 77697 77698 
3 77500 77698 77501 
3 77501 77698 77699 
3 77501 77699 77502 
3 77502 77699 77700 
3 77502 77700 77503 
3 77503 77700 77701 
3 77503 77701 77504 
3 77504 77701 77702 
3 77504 77702 77505 
3 77505 77702 77703 
3 77505 77703 77506 
3 77506 77703 77704 
3 77506 77704 77507 
3 77507 77704 77705 
3 77507 77705 77508 
3 77508 77705 77706 
3 77508 77706 77509 
3 77509 77706 77707 
3 77509 77707 77510 
3 77510 77707 77708 
3 77510 77708 77511 
3 77511 77708 77709 
3 77511 77709 77512 
3 77512 77709 77710 
3 77512 77710 77513 
3 77513 77710 77711 
3 77513 77711 77514 
3 77514 77711 77712 
3 77514 77712 77515 
3 77515 77712 77713 
3 77515 77713 77516 
3 77516 77713 77714 
3 77516 77714 77517 
3 77517 77714 77715 
3 77517 77715 77518 
3 77518 77715 77716 
3 77518 77716 77519 
3 77519 77716 77717 
3 77519 77717 77520 
3 77520 77717 77718 
3 77520 77718 77521 
3 77521 77718 77719 
3 77521 77719 77522 
3 77522 77719 77720 
3 77522 77720 77523 
3 77523 77720 77721 
3 77523 77721 77524 
3 77524 77721 77722 
3 77524 77722 77525 
3 77525 77722 77723 
3 77525 77723 77526 
3 77526 77723 77724 
3 77526 77724 77527 
3 77527 77724 77725 
3 77527 77725 77528 
3 77528 77725 77726 
3 77528 77726 77529 
3 77529 77726 77727 
3 77529 77727 77530 
3 77530 77727 77728 
3 77530 77728 77531 
3 77531 77728 77729 
3 77531 77729 77532 
3 77532 77729 77730 
3 77532 77730 77533 
3 77533 77730 77731 
3 77533 77731 77534 
3 77534 77731 77732 
3 77534 77732 77535 
3 77535 77732 77733 
3 77535 77733 77536 
3 77536 77733 77734 
3 77536 77734 77537 
3 77537 77734 77735 
3 77537 77735 77538 
3 77538 77735 77736 
3 77538 77736 77539 
3 77539 77736 77737 
3 77539 77737 77540 
3 77540 77737 77738 
3 77540 77738 77541 
3 77541 77738 77739 
3 77541 77739 77542 
3 77542 77739 77740 
3 77542 77740 77543 
3 77543 77740 77741 
3 77543 77741 77544 
3 77544 77741 77742 
3 77544 77742 77545 
3 77545 77742 77743 
3 77545 77743 77546 
3 77546 77743 77744 
3 77546 77744 77547 
3 77548 77745 77746 
3 77548 77746 77549 
3 77549 77746 77747 
3 77549 77747 77550 
3 77550 77747 77748 
3 77550 77748 77551 
3 77551 77748 77749 
3 77551 77749 77552 
3 77552 77749 77750 
3 77552 77750 77553 
3 77553 77750 77751 
3 77553 77751 77554 
3 77554 77751 77752 
3 77554 77752 77555 
3 77555 77752 77753 
3 77555 77753 77556 
3 77556 77753 77754 
3 77556 77754 77557 
3 77557 77754 77755 
3 77557 77755 77558 
3 77558 77755 77756 
3 77558 77756 77559 
3 77559 77756 77757 
3 77559 77757 77560 
3 77560 77757 77758 
3 77560 77758 77561 
3 77561 77758 77759 
3 77561 77759 77562 
3 77562 77759 77760 
3 77562 77760 77563 
3 77563 77760 77761 
3 77563 77761 77564 
3 77564 77761 77762 
3 77564 77762 77565 
3 77565 77762 77763 
3 77565 77763 77566 
3 77566 77763 77764 
3 77566 77764 77567 
3 77567 77764 77765 
3 77567 77765 77568 
3 77568 77765 77766 
3 77568 77766 77569 
3 77569 77766 77767 
3 77569 77767 77570 
3 77570 77767 77768 
3 77570 77768 77571 
3 77571 77768 77769 
3 77571 77769 77572 
3 77572 77769 77770 
3 77572 77770 77573 
3 77573 77770 77771 
3 77573 77771 77574 
3 77574 77771 77772 
3 77574 77772 77575 
3 77575 77772 77773 
3 77575 77773 77576 
3 77576 77773 77774 
3 77576 77774 77577 
3 77577 77774 77775 
3 77577 77775 77578 
3 77578 77775 77776 
3 77578 77776 77579 
3 77579 77776 77777 
3 77579 77777 77580 
3 77580 77777 77778 
3 77580 77778 77581 
3 77581 77778 77779 
3 77581 77779 77582 
3 77582 77779 77780 
3 77582 77780 77583 
3 77583 77780 77781 
3 77583 77781 77584 
3 77584 77781 77782 
3 77584 77782 77585 
3 77585 77782 77783 
3 77585 77783 77586 
3 77586 77783 77784 
3 77586 77784 77587 
3 77587 77784 77785 
3 77587 77785 77588 
3 77588 77785 77786 
3 77588 77786 77589 
3 77589 77786 77787 
3 77589 77787 77590 
3 77590 77787 77788 
3 77590 77788 77591 
3 77591 77788 77789 
3 77591 77789 77592 
3 77592 77789 77790 
3 77592 77790 77593 
3 77593 77790 77791 
3 77593 77791 77594 
3 77594 77791 77792 
3 77594 77792 77595 
3 77595 77792 77793 
3 77595 77793 77596 
3 77596 77793 77794 
3 77596 77794 77597 
3 77597 77794 77795 
3 77597 77795 77598 
3 77598 77795 77796 
3 77598 77796 77599 
3 77599 77796 77797 
3 77599 77797 77600 
3 77600 77797 77798 
3 77600 77798 77601 
3 77601 77798 77799 
3 77601 77799 77602 
3 77602 77799 77800 
3 77602 77800 77603 
3 77603 77800 77801 
3 77603 77801 77604 
3 77604 77801 77802 
3 77604 77802 77605 
3 77605 77802 77803 
3 77605 77803 77606 
3 77606 77803 77804 
3 77606 77804 77607 
3 77607 77804 77805 
3 77607 77805 77608 
3 77608 77805 77806 
3 77608 77806 77609 
3 77609 77806 77807 
3 77609 77807 77610 
3 77610 77807 77808 
3 77610 77808 77611 
3 77611 77808 77809 
3 77611 77809 77612 
3 77612 77809 77810 
3 77612 77810 77613 
3 77613 77810 77811 
3 77613 77811 77614 
3 77614 77811 77812 
3 77614 77812 77615 
3 77615 77812 77813 
3 77615 77813 77616 
3 77616 77813 77814 
3 77616 77814 77617 
3 77617 77814 77815 
3 77617 77815 77618 
3 77618 77815 77816 
3 77618 77816 77619 
3 77619 77816 77817 
3 77619 77817 77620 
3 77620 77817 77818 
3 77620 77818 77621 
3 77621 77818 77819 
3 77621 77819 77622 
3 77622 77819 77820 
3 77622 77820 77623 
3 77623 77820 77821 
3 77623 77821 77624 
3 77624 77821 77822 
3 77624 77822 77625 
3 77625 77822 77823 
3 77625 77823 77626 
3 77626 77823 77824 
3 77626 77824 77627 
3 77627 77824 77825 
3 77627 77825 77628 
3 77628 77825 77826 
3 77628 77826 77629 
3 77629 77826 77827 
3 77629 77827 77630 
3 77630 77827 77828 
3 77630 77828 77631 
3 77631 77828 77829 
3 77631 77829 77632 
3 77632 77829 77830 
3 77632 77830 77633 
3 77633 77830 77831 
3 77633 77831 77634 
3 77634 77831 77832 
3 77634 77832 77635 
3 77635 77832 77833 
3 77635 77833 77636 
3 77636 77833 77834 
3 77636 77834 77637 
3 77637 77834 77835 
3 77637 77835 77638 
3 77638 77835 77836 
3 77638 77836 77639 
3 77639 77836 77837 
3 77640 77838 77839 
3 77640 77839 77641 
3 77641 77839 77840 
3 77641 77840 77642 
3 77642 77840 77841 
3 77642 77841 77643 
3 77643 77841 77842 
3 77643 77842 77644 
3 77644 77842 77843 
3 77644 77843 77645 
3 77645 77843 77844 
3 77645 77844 77646 
3 77646 77844 77845 
3 77646 77845 77647 
3 77647 77845 77846 
3 77647 77846 77648 
3 77648 77846 77847 
3 77648 77847 77649 
3 77649 77847 77848 
3 77649 77848 77650 
3 77650 77848 77849 
3 77650 77849 77651 
3 77651 77849 77850 
3 77651 77850 77652 
3 77652 77850 77851 
3 77652 77851 77653 
3 77653 77851 77852 
3 77653 77852 77654 
3 77654 77852 77853 
3 77654 77853 77655 
3 77655 77853 77854 
3 77655 77854 77656 
3 77656 77854 77855 
3 77656 77855 77657 
3 77657 77855 77856 
3 77657 77856 77658 
3 77658 77856 77857 
3 77658 77857 77659 
3 77659 77857 77858 
3 77659 77858 77660 
3 77660 77858 77859 
3 77660 77859 77661 
3 77661 77859 77860 
3 77661 77860 77662 
3 77662 77860 77861 
3 77662 77861 77663 
3 77663 77861 77862 
3 77663 77862 77664 
3 77664 77862 77863 
3 77664 77863 77665 
3 77665 77863 77864 
3 77665 77864 77666 
3 77666 77864 77865 
3 77666 77865 77667 
3 77667 77865 77866 
3 77667 77866 77668 
3 77668 77866 77867 
3 77668 77867 77669 
3 77669 77867 77868 
3 77669 77868 77670 
3 77670 77868 77869 
3 77670 77869 77671 
3 77671 77869 77870 
3 77671 77870 77672 
3 77672 77870 77871 
3 77672 77871 77673 
3 77673 77871 77872 
3 77673 77872 77674 
3 77674 77872 77873 
3 77674 77873 77675 
3 77675 77873 77874 
3 77675 77874 77676 
3 77676 77874 77875 
3 77676 77875 77677 
3 77677 77875 77876 
3 77677 77876 77678 
3 77678 77876 77877 
3 77678 77877 77679 
3 77679 77877 77878 
3 77679 77878 77680 
3 77680 77878 77879 
3 77680 77879 77681 
3 77681 77879 77880 
3 77681 77880 77682 
3 77682 77880 77881 
3 77682 77881 77683 
3 77683 77881 77882 
3 77683 77882 77684 
3 77684 77882 77883 
3 77684 77883 77685 
3 77685 77883 77884 
3 77685 77884 77686 
3 77686 77884 77885 
3 77686 77885 77687 
3 77687 77885 77886 
3 77687 77886 77688 
3 77688 77886 77887 
3 77688 77887 77689 
3 77689 77887 77888 
3 77689 77888 77690 
3 77690 77888 77889 
3 77690 77889 77691 
3 77692 77892 77893 
3 77692 77893 77693 
3 77693 77893 77894 
3 77693 77894 77694 
3 77694 77894 77895 
3 77694 77895 77695 
3 77695 77895 77896 
3 77695 77896 77696 
3 77696 77896 77897 
3 77696 77897 77697 
3 77697 77897 77898 
3 77697 77898 77698 
3 77698 77898 77899 
3 77698 77899 77699 
3 77699 77899 77900 
3 77699 77900 77700 
3 77700 77900 77901 
3 77700 77901 77701 
3 77701 77901 77902 
3 77701 77902 77702 
3 77702 77902 77903 
3 77702 77903 77703 
3 77703 77903 77904 
3 77703 77904 77704 
3 77704 77904 77905 
3 77704 77905 77705 
3 77705 77905 77906 
3 77705 77906 77706 
3 77706 77906 77907 
3 77706 77907 77707 
3 77707 77907 77908 
3 77707 77908 77708 
3 77708 77908 77909 
3 77708 77909 77709 
3 77709 77909 77910 
3 77709 77910 77710 
3 77710 77910 77911 
3 77710 77911 77711 
3 77711 77911 77912 
3 77711 77912 77712 
3 77712 77912 77913 
3 77712 77913 77713 
3 77713 77913 77914 
3 77713 77914 77714 
3 77714 77914 77915 
3 77714 77915 77715 
3 77715 77915 77916 
3 77715 77916 77716 
3 77716 77916 77917 
3 77716 77917 77717 
3 77717 77917 77918 
3 77717 77918 77718 
3 77718 77918 77919 
3 77718 77919 77719 
3 77719 77919 77920 
3 77719 77920 77720 
3 77720 77920 77921 
3 77720 77921 77721 
3 77721 77921 77922 
3 77721 77922 77722 
3 77722 77922 77923 
3 77722 77923 77723 
3 77723 77923 77924 
3 77723 77924 77724 
3 77724 77924 77925 
3 77724 77925 77725 
3 77725 77925 77926 
3 77725 77926 77726 
3 77726 77926 77927 
3 77726 77927 77727 
3 77727 77927 77928 
3 77727 77928 77728 
3 77728 77928 77929 
3 77728 77929 77729 
3 77729 77929 77930 
3 77729 77930 77730 
3 77730 77930 77931 
3 77730 77931 77731 
3 77731 77931 77932 
3 77731 77932 77732 
3 77732 77932 77933 
3 77732 77933 77733 
3 77733 77933 77934 
3 77733 77934 77734 
3 77734 77934 77935 
3 77734 77935 77735 
3 77735 77935 77936 
3 77735 77936 77736 
3 77736 77936 77937 
3 77736 77937 77737 
3 77737 77937 77938 
3 77737 77938 77738 
3 77738 77938 77939 
3 77738 77939 77739 
3 77739 77939 77940 
3 77739 77940 77740 
3 77740 77940 77941 
3 77740 77941 77741 
3 77741 77941 77942 
3 77741 77942 77742 
3 77742 77942 77943 
3 77742 77943 77743 
3 77743 77943 77944 
3 77743 77944 77744 
3 77744 77944 77945 
3 77745 77946 77947 
3 77745 77947 77746 
3 77746 77947 77948 
3 77746 77948 77747 
3 77747 77948 77949 
3 77747 77949 77748 
3 77748 77949 77950 
3 77748 77950 77749 
3 77749 77950 77951 
3 77749 77951 77750 
3 77750 77951 77952 
3 77750 77952 77751 
3 77751 77952 77953 
3 77751 77953 77752 
3 77752 77953 77954 
3 77752 77954 77753 
3 77753 77954 77955 
3 77753 77955 77754 
3 77754 77955 77956 
3 77754 77956 77755 
3 77755 77956 77957 
3 77755 77957 77756 
3 77756 77957 77958 
3 77756 77958 77757 
3 77757 77958 77959 
3 77757 77959 77758 
3 77758 77959 77960 
3 77758 77960 77759 
3 77759 77960 77961 
3 77759 77961 77760 
3 77760 77961 77962 
3 77760 77962 77761 
3 77761 77962 77963 
3 77761 77963 77762 
3 77762 77963 77964 
3 77762 77964 77763 
3 77763 77964 77965 
3 77763 77965 77764 
3 77764 77965 77966 
3 77764 77966 77765 
3 77765 77966 77967 
3 77765 77967 77766 
3 77766 77967 77968 
3 77766 77968 77767 
3 77767 77968 77969 
3 77767 77969 77768 
3 77768 77969 77970 
3 77768 77970 77769 
3 77769 77970 77971 
3 77769 77971 77770 
3 77770 77971 77972 
3 77770 77972 77771 
3 77771 77972 77973 
3 77771 77973 77772 
3 77772 77973 77974 
3 77772 77974 77773 
3 77773 77974 77975 
3 77773 77975 77774 
3 77774 77975 77976 
3 77774 77976 77775 
3 77775 77976 77977 
3 77775 77977 77776 
3 77776 77977 77978 
3 77776 77978 77777 
3 77777 77978 77979 
3 77777 77979 77778 
3 77778 77979 77980 
3 77778 77980 77779 
3 77779 77980 77981 
3 77779 77981 77780 
3 77780 77981 77982 
3 77780 77982 77781 
3 77781 77982 77983 
3 77781 77983 77782 
3 77782 77983 77984 
3 77782 77984 77783 
3 77783 77984 77985 
3 77783 77985 77784 
3 77784 77985 77986 
3 77784 77986 77785 
3 77785 77986 77987 
3 77785 77987 77786 
3 77786 77987 77988 
3 77786 77988 77787 
3 77787 77988 77989 
3 77787 77989 77788 
3 77788 77989 77990 
3 77788 77990 77789 
3 77789 77990 77991 
3 77789 77991 77790 
3 77790 77991 77992 
3 77790 77992 77791 
3 77791 77992 77993 
3 77791 77993 77792 
3 77792 77993 77994 
3 77792 77994 77793 
3 77793 77994 77995 
3 77793 77995 77794 
3 77794 77995 77996 
3 77794 77996 77795 
3 77795 77996 77997 
3 77795 77997 77796 
3 77796 77997 77998 
3 77796 77998 77797 
3 77797 77998 77999 
3 77797 77999 77798 
3 77798 77999 78000 
3 77798 78000 77799 
3 77799 78000 78001 
3 77799 78001 77800 
3 77800 78001 78002 
3 77800 78002 77801 
3 77801 78002 78003 
3 77801 78003 77802 
3 77802 78003 78004 
3 77802 78004 77803 
3 77803 78004 78005 
3 77803 78005 77804 
3 77804 78005 78006 
3 77804 78006 77805 
3 77805 78006 78007 
3 77805 78007 77806 
3 77806 78007 78008 
3 77806 78008 77807 
3 77807 78008 78009 
3 77807 78009 77808 
3 77808 78009 78010 
3 77808 78010 77809 
3 77809 78010 78011 
3 77809 78011 77810 
3 77810 78011 78012 
3 77810 78012 77811 
3 77811 78012 78013 
3 77811 78013 77812 
3 77812 78013 78014 
3 77812 78014 77813 
3 77813 78014 78015 
3 77813 78015 77814 
3 77814 78015 78016 
3 77814 78016 77815 
3 77815 78016 78017 
3 77815 78017 77816 
3 77816 78017 78018 
3 77816 78018 77817 
3 77817 78018 78019 
3 77817 78019 77818 
3 77818 78019 78020 
3 77818 78020 77819 
3 77819 78020 78021 
3 77819 78021 77820 
3 77820 78021 78022 
3 77820 78022 77821 
3 77821 78022 78023 
3 77821 78023 77822 
3 77822 78023 78024 
3 77822 78024 77823 
3 77823 78024 78025 
3 77823 78025 77824 
3 77824 78025 78026 
3 77824 78026 77825 
3 77825 78026 78027 
3 77825 78027 77826 
3 77826 78027 78028 
3 77826 78028 77827 
3 77827 78028 78029 
3 77827 78029 77828 
3 77828 78029 78030 
3 77828 78030 77829 
3 77829 78030 78031 
3 77829 78031 77830 
3 77830 78031 78032 
3 77830 78032 77831 
3 77831 78032 78033 
3 77831 78033 77832 
3 77832 78033 78034 
3 77832 78034 77833 
3 77833 78034 78035 
3 77833 78035 77834 
3 77834 78035 78036 
3 77834 78036 77835 
3 77835 78036 78037 
3 77835 78037 77836 
3 77836 78037 78038 
3 77836 78038 77837 
3 77838 78039 77839 
3 77839 78039 78040 
3 77839 78040 77840 
3 77840 78040 78041 
3 77840 78041 77841 
3 77841 78041 78042 
3 77841 78042 77842 
3 77842 78042 78043 
3 77842 78043 77843 
3 77843 78043 78044 
3 77843 78044 77844 
3 77844 78044 78045 
3 77844 78045 77845 
3 77845 78045 78046 
3 77845 78046 77846 
3 77846 78046 78047 
3 77846 78047 77847 
3 77847 78047 78048 
3 77847 78048 77848 
3 77848 78048 78049 
3 77848 78049 77849 
3 77849 78049 78050 
3 77849 78050 77850 
3 77850 78050 78051 
3 77850 78051 77851 
3 77851 78051 78052 
3 77851 78052 77852 
3 77852 78052 78053 
3 77852 78053 77853 
3 77853 78053 78054 
3 77853 78054 77854 
3 77854 78054 78055 
3 77854 78055 77855 
3 77855 78055 78056 
3 77855 78056 77856 
3 77856 78056 78057 
3 77856 78057 77857 
3 77857 78057 78058 
3 77857 78058 77858 
3 77858 78058 78059 
3 77858 78059 77859 
3 77859 78059 78060 
3 77859 78060 77860 
3 77860 78060 78061 
3 77860 78061 77861 
3 77861 78061 78062 
3 77861 78062 77862 
3 77862 78062 78063 
3 77862 78063 77863 
3 77863 78063 78064 
3 77863 78064 77864 
3 77864 78064 78065 
3 77864 78065 77865 
3 77865 78065 78066 
3 77865 78066 77866 
3 77866 78066 78067 
3 77866 78067 77867 
3 77867 78067 78068 
3 77867 78068 77868 
3 77868 78068 78069 
3 77868 78069 77869 
3 77869 78069 78070 
3 77869 78070 77870 
3 77870 78070 78071 
3 77870 78071 77871 
3 77871 78071 78072 
3 77871 78072 77872 
3 77872 78072 78073 
3 77872 78073 77873 
3 77873 78073 78074 
3 77873 78074 77874 
3 77874 78074 78075 
3 77874 78075 77875 
3 77875 78075 78076 
3 77875 78076 77876 
3 77876 78076 78077 
3 77876 78077 77877 
3 77877 78077 78078 
3 77877 78078 77878 
3 77878 78078 78079 
3 77878 78079 77879 
3 77879 78079 78080 
3 77879 78080 77880 
3 77880 78080 78081 
3 77880 78081 77881 
3 77881 78081 78082 
3 77881 78082 77882 
3 77882 78082 78083 
3 77882 78083 77883 
3 77883 78083 78084 
3 77883 78084 77884 
3 77884 78084 78085 
3 77884 78085 77885 
3 77885 78085 78086 
3 77885 78086 77886 
3 77886 78086 78087 
3 77886 78087 77887 
3 77887 78087 78088 
3 77887 78088 77888 
3 77888 78088 77889 
3 77890 78090 78091 
3 77890 78091 77891 
3 77891 78091 78092 
3 77891 78092 77892 
3 77892 78092 78093 
3 77892 78093 77893 
3 77893 78093 78094 
3 77893 78094 77894 
3 77894 78094 78095 
3 77894 78095 77895 
3 77895 78095 78096 
3 77895 78096 77896 
3 77896 78096 78097 
3 77896 78097 77897 
3 77897 78097 78098 
3 77897 78098 77898 
3 77898 78098 78099 
3 77898 78099 77899 
3 77899 78099 78100 
3 77899 78100 77900 
3 77900 78100 78101 
3 77900 78101 77901 
3 77901 78101 78102 
3 77901 78102 77902 
3 77902 78102 78103 
3 77902 78103 77903 
3 77903 78103 78104 
3 77903 78104 77904 
3 77904 78104 78105 
3 77904 78105 77905 
3 77905 78105 78106 
3 77905 78106 77906 
3 77906 78106 78107 
3 77906 78107 77907 
3 77907 78107 78108 
3 77907 78108 77908 
3 77908 78108 78109 
3 77908 78109 77909 
3 77909 78109 78110 
3 77909 78110 77910 
3 77910 78110 78111 
3 77910 78111 77911 
3 77911 78111 78112 
3 77911 78112 77912 
3 77912 78112 78113 
3 77912 78113 77913 
3 77913 78113 78114 
3 77913 78114 77914 
3 77914 78114 78115 
3 77914 78115 77915 
3 77915 78115 78116 
3 77915 78116 77916 
3 77916 78116 78117 
3 77916 78117 77917 
3 77917 78117 78118 
3 77917 78118 77918 
3 77918 78118 78119 
3 77918 78119 77919 
3 77919 78119 78120 
3 77919 78120 77920 
3 77920 78120 78121 
3 77920 78121 77921 
3 77921 78121 78122 
3 77921 78122 77922 
3 77922 78122 78123 
3 77922 78123 77923 
3 77923 78123 78124 
3 77923 78124 77924 
3 77924 78124 78125 
3 77924 78125 77925 
3 77925 78125 78126 
3 77925 78126 77926 
3 77926 78126 78127 
3 77926 78127 77927 
3 77927 78127 78128 
3 77927 78128 77928 
3 77928 78128 78129 
3 77928 78129 77929 
3 77929 78129 78130 
3 77929 78130 77930 
3 77930 78130 78131 
3 77930 78131 77931 
3 77931 78131 78132 
3 77931 78132 77932 
3 77932 78132 78133 
3 77932 78133 77933 
3 77933 78133 78134 
3 77933 78134 77934 
3 77934 78134 78135 
3 77934 78135 77935 
3 77935 78135 78136 
3 77935 78136 77936 
3 77936 78136 78137 
3 77936 78137 77937 
3 77937 78137 78138 
3 77937 78138 77938 
3 77938 78138 78139 
3 77938 78139 77939 
3 77939 78139 78140 
3 77939 78140 77940 
3 77940 78140 78141 
3 77940 78141 77941 
3 77941 78141 78142 
3 77941 78142 77942 
3 77942 78142 78143 
3 77942 78143 77943 
3 77943 78143 78144 
3 77943 78144 77944 
3 77944 78144 78145 
3 77944 78145 77945 
3 77946 78146 77947 
3 77947 78146 78147 
3 77947 78147 77948 
3 77948 78147 78148 
3 77948 78148 77949 
3 77949 78148 78149 
3 77949 78149 77950 
3 77950 78149 78150 
3 77950 78150 77951 
3 77951 78150 78151 
3 77951 78151 77952 
3 77952 78151 78152 
3 77952 78152 77953 
3 77953 78152 78153 
3 77953 78153 77954 
3 77954 78153 78154 
3 77954 78154 77955 
3 77955 78154 78155 
3 77955 78155 77956 
3 77956 78155 78156 
3 77956 78156 77957 
3 77957 78156 78157 
3 77957 78157 77958 
3 77958 78157 78158 
3 77958 78158 77959 
3 77959 78158 78159 
3 77959 78159 77960 
3 77960 78159 78160 
3 77960 78160 77961 
3 77961 78160 78161 
3 77961 78161 77962 
3 77962 78161 78162 
3 77962 78162 77963 
3 77963 78162 78163 
3 77963 78163 77964 
3 77964 78163 78164 
3 77964 78164 77965 
3 77965 78164 78165 
3 77965 78165 77966 
3 77966 78165 78166 
3 77966 78166 77967 
3 77967 78166 78167 
3 77967 78167 77968 
3 77968 78167 78168 
3 77968 78168 77969 
3 77969 78168 78169 
3 77969 78169 77970 
3 77970 78169 78170 
3 77970 78170 77971 
3 77971 78170 78171 
3 77971 78171 77972 
3 77972 78171 78172 
3 77972 78172 77973 
3 77973 78172 78173 
3 77973 78173 77974 
3 77974 78173 78174 
3 77974 78174 77975 
3 77975 78174 78175 
3 77975 78175 77976 
3 77976 78175 78176 
3 77976 78176 77977 
3 77977 78176 78177 
3 77977 78177 77978 
3 77978 78177 78178 
3 77978 78178 77979 
3 77979 78178 78179 
3 77979 78179 77980 
3 77980 78179 78180 
3 77980 78180 77981 
3 77981 78180 78181 
3 77981 78181 77982 
3 77982 78181 78182 
3 77982 78182 77983 
3 77983 78182 78183 
3 77983 78183 77984 
3 77984 78183 78184 
3 77984 78184 77985 
3 77985 78184 78185 
3 77985 78185 77986 
3 77986 78185 78186 
3 77986 78186 77987 
3 77987 78186 78187 
3 77987 78187 77988 
3 77988 78187 78188 
3 77988 78188 77989 
3 77989 78188 78189 
3 77989 78189 77990 
3 77990 78189 78190 
3 77990 78190 77991 
3 77991 78190 78191 
3 77991 78191 77992 
3 77992 78191 78192 
3 77992 78192 77993 
3 77993 78192 78193 
3 77993 78193 77994 
3 77994 78193 78194 
3 77994 78194 77995 
3 77995 78194 78195 
3 77995 78195 77996 
3 77996 78195 78196 
3 77996 78196 77997 
3 77997 78196 78197 
3 77997 78197 77998 
3 77998 78197 78198 
3 77998 78198 77999 
3 77999 78198 78199 
3 77999 78199 78000 
3 78000 78199 78200 
3 78000 78200 78001 
3 78001 78200 78201 
3 78001 78201 78002 
3 78002 78201 78202 
3 78002 78202 78003 
3 78003 78202 78203 
3 78003 78203 78004 
3 78004 78203 78204 
3 78004 78204 78005 
3 78005 78204 78205 
3 78005 78205 78006 
3 78006 78205 78206 
3 78006 78206 78007 
3 78007 78206 78207 
3 78007 78207 78008 
3 78008 78207 78208 
3 78008 78208 78009 
3 78009 78208 78209 
3 78009 78209 78010 
3 78010 78209 78210 
3 78010 78210 78011 
3 78011 78210 78211 
3 78011 78211 78012 
3 78012 78211 78212 
3 78012 78212 78013 
3 78013 78212 78213 
3 78013 78213 78014 
3 78014 78213 78214 
3 78014 78214 78015 
3 78015 78214 78215 
3 78015 78215 78016 
3 78016 78215 78216 
3 78016 78216 78017 
3 78017 78216 78217 
3 78017 78217 78018 
3 78018 78217 78218 
3 78018 78218 78019 
3 78019 78218 78219 
3 78019 78219 78020 
3 78020 78219 78220 
3 78020 78220 78021 
3 78021 78220 78221 
3 78021 78221 78022 
3 78022 78221 78222 
3 78022 78222 78023 
3 78023 78222 78223 
3 78023 78223 78024 
3 78024 78223 78224 
3 78024 78224 78025 
3 78025 78224 78225 
3 78025 78225 78026 
3 78026 78225 78226 
3 78026 78226 78027 
3 78027 78226 78227 
3 78027 78227 78028 
3 78028 78227 78228 
3 78028 78228 78029 
3 78029 78228 78229 
3 78029 78229 78030 
3 78030 78229 78230 
3 78030 78230 78031 
3 78031 78230 78231 
3 78031 78231 78032 
3 78032 78231 78232 
3 78032 78232 78033 
3 78033 78232 78233 
3 78033 78233 78034 
3 78034 78233 78234 
3 78034 78234 78035 
3 78035 78234 78235 
3 78035 78235 78036 
3 78036 78235 78236 
3 78036 78236 78037 
3 78037 78236 78237 
3 78037 78237 78038 
3 78038 78237 78238 
3 78039 78239 78240 
3 78039 78240 78040 
3 78040 78240 78241 
3 78040 78241 78041 
3 78041 78241 78242 
3 78041 78242 78042 
3 78042 78242 78243 
3 78042 78243 78043 
3 78043 78243 78244 
3 78043 78244 78044 
3 78044 78244 78245 
3 78044 78245 78045 
3 78045 78245 78246 
3 78045 78246 78046 
3 78046 78246 78247 
3 78046 78247 78047 
3 78047 78247 78248 
3 78047 78248 78048 
3 78048 78248 78249 
3 78048 78249 78049 
3 78049 78249 78250 
3 78049 78250 78050 
3 78050 78250 78251 
3 78050 78251 78051 
3 78051 78251 78252 
3 78051 78252 78052 
3 78052 78252 78253 
3 78052 78253 78053 
3 78053 78253 78254 
3 78053 78254 78054 
3 78054 78254 78255 
3 78054 78255 78055 
3 78055 78255 78256 
3 78055 78256 78056 
3 78056 78256 78257 
3 78056 78257 78057 
3 78057 78257 78258 